111000101111 1
000000011110 0
101011100000 0
110000010100 0
010111101010 1
000100100111 0
010111111101 1
001010101001 0
110000010111 1
100000101101 0
100001110001 0
111010011111 1
010100100101 0
001101000100 0
010110011011 1
101001111100 1
100000111010 0
011000110101 1
001011101001 1
101111100010 1
001010011111 1
101100010101 1
100011000000 0
010001101100 0
001100000010 0
100011111010 1
011111100000 1
111100100101 1
000010110101 0
110001100000 0
000111101010 1
010011110011 1
000000111110 0
011001111111 1
100010011111 1
100001110110 1
100100111001 1
100110111100 1
010100101000 0
101001100001 0
100010001110 0
111000111011 1
111000000101 0
111110001011 1
011100101010 1
000001010000 0
100111111000 1
100001111011 1
100100001100 0
110100001000 0
001001001011 0
100010110100 0
101101001100 1
111001100000 0
001101111001 1
010101001000 0
000110110110 1
010111011111 1
110110010101 1
111010101000 1
010111011100 1
010111010010 1
111110101001 1
101101100011 1
000100011000 0
110011000000 0
001100010010 0
001011101111 1
101101110010 1
111000000101 0
000011111111 1
110001000101 0
011101000110 1
010111001000 0
101100110000 0
000011011001 0
000000011011 0
001011001101 1
001111100101 1
001000000100 0
110001111011 1
011001010000 0
001011011101 1
111000111001 1
000111100111 1
011101100101 1
110000011010 0
000101111010 1
101100010110 1
101010100110 1
100001111010 1
000001010101 0
111010101100 1
010101111011 1
100010000001 0
011100011010 1
101101010110 1
111011011000 1
011111010011 1
011101000101 1
011001001111 1
000111011100 1
000110100001 0
000000110010 0
000111011001 1
000101001101 0
101000010000 0
001101001101 1
111111011000 1
000100101010 0
010111110011 1
001110000011 0
010010011010 0
001011001111 1
100101010010 0
111001111011 1
101010111110 1
010010101001 0
110000110011 1
000001101000 0
001000101101 0
001110110101 1
000011010001 0
010010101110 1
000011000000 0
100001101011 1
000110111001 1
000011101011 1
111110111101 1
011010100001 0
110101110101 1
011011100010 1
101000000010 0
001110010101 1
011011111011 1
001101011101 1
101011000001 0
100011001001 0
010010111001 1
010010100000 0
001101101000 0
001101101100 1
011111010011 1
000110011110 1
100001101000 0
110101010010 1
111010110110 1
011100100001 0
011110001100 1
010110110011 1
011010000100 0
010001111000 0
000011101001 0
011110011010 1
101100111001 1
100100010100 0
100110001001 0
110111100010 1
111011111110 1
111010110010 1
100010001100 0
100000000001 0
110100000101 0
110001000000 0
011110001011 1
011001000100 0
110001101111 1
110010111111 1
011001001100 0
000011110110 1
010000110010 0
110001011100 1
000111011100 1
010010001101 0
000110001011 0
101001101101 1
010001011111 1
011101000100 0
000011111010 1
010011010111 1
100011111011 1
011011011110 1
101100111111 1
110010100010 0
110110010100 1
001100010110 0
010001010000 0
110101011001 1
010101100010 0
110011111011 1
001000101000 0
111010001110 1
001001011010 0
110101000001 0
111101110110 1
001011000101 0
100100010100 0
100110010111 1
100101111100 1
101110110100 1
011010100011 1
000000111100 0
100011110010 1
111001101110 1
001100000110 0
110010110001 1
001101110111 1
111110110000 1
101110010010 1
011110011000 1
110100000010 0
000011001100 0
011100111001 1
100001110001 0
000100000001 0
110011011100 1
010001101001 0
011111010111 1
110100100011 1
101101001101 1
001101011100 1
001011100010 0
110001011000 0
001110011101 1
001001001101 0
101101110111 1
011110111101 1
111100111110 1
011100111000 1
010010100011 0
010010110101 1
010010010101 0
010001110011 1
100111111000 1
101100110001 1
001110110100 1
001100100010 0
001100100101 0
011011001000 0
000111001010 0
010001001001 0
011010100010 0
110110100000 0
000000100110 0
001001101000 0
110111110000 1
101110010011 1
010011001000 0
000100001110 0
010001100111 1
010111010110 1
010000001000 0
011000010111 1
000100010001 0
101100111010 1
111011101000 1
010111110001 1
101011001110 1
000011101010 0
000011111101 1
100000111101 1
000000010111 0
100011010111 1
101010001011 1
100000010111 0
101010100000 0
011001110011 1
111100101101 1
111111011111 1
100100100101 0
101111110000 1
101110111011 1
101010001111 1
011010001100 0
000000111111 1
011111100100 1
011001011001 1
100010100010 0
010000101100 0
010111011010 1
100000001111 0
011101110010 1
010000001100 0
000100000101 0
101110000100 0
000010001111 0
011100010011 1
100101110101 1
110010100011 1
100100000010 0
100001011110 1
101101100100 1
111000101010 1
000100110001 0
011100011010 1
000111010000 0
101111010100 1
000100011011 0
100001100000 0
110111000101 1
111011000100 1
010001101001 0
011000110110 1
110111100100 1
101001000010 0
001010011001 0
110110100100 1
010111110110 1
010110010101 1
001111110100 1
000010011100 0
010001001010 0
101000101000 0
010010100100 0
000000101100 0
100000010000 0
011111000001 1
111111011010 1
100000100000 0
010011110000 0
000101101110 1
001101011100 1
010101010110 1
101101111011 1
001100010100 0
100011101001 1
111110011000 1
110001111001 1
111100101100 1
011011010001 1
010110101011 1
101111010111 1
110010010111 1
110011001110 1
011101111011 1
011100011101 1
011100101101 1
101100000111 1
011111100000 1
111100111100 1
100101101010 1
101001111001 1
101001111010 1
110100010010 0
010100001110 0
111001010111 1
101010000001 0
010110000000 0
110010111110 1
001111010001 1
001111000101 1
010010010110 0
110011000111 1
000111000011 0
110010010001 0
011000110111 1
010001110101 1
110000111001 1
001011001011 1
011010101111 1
111010101000 1
011101001011 1
001011101001 1
101101111000 1
110011100101 1
011110100100 1
010010000011 0
100000010110 0
100110101000 0
111000100010 0
100001011011 1
110001000000 0
001100100101 0
111010001101 1
011001100100 0
101011000101 1
010110100001 0
111100100110 1
011010100000 0
001011100101 1
111101011100 1
001010110111 1
110011001011 1
001011111011 1
110110110111 1
010101110100 1
111011000100 1
010110011110 1
000101100110 0
010100011101 1
010111110101 1
110101011001 1
100100110000 0
110101011100 1
100000100011 0
001111001111 1
011111001100 1
011111011011 1
000110010000 0
001100110000 0
100101011111 1
010110111100 1
111011111111 1
111101100010 1
010010011011 1
101101001111 1
000010111001 0
101010100101 1
101110001111 1
100110100010 0
100010011100 0
001000110101 0
010010011111 1
001010111001 1
111100101110 1
101110001000 0
010000110111 1
011010011100 1
101001101001 1
100111011110 1
000101000001 0
110100110011 1
110111001101 1
001000100001 0
011001011111 1
010010100011 0
110000101001 0
110010110011 1
101100110110 1
010110011011 1
010001110010 0
011101001110 1
111110011111 1
011110111111 1
110111110101 1
011001110110 1
001000010110 0
011000010101 0
001011010010 0
000000110100 0
010010000110 0
001100001000 0
111011010010 1
110101011101 1
010111010101 1
001011010100 0
000001010000 0
110110010100 1
011100101001 1
011100100100 0
111101001010 1
001010010010 0
001000001111 0
010001011110 1
101011011101 1
110110011100 1
010000100011 0
110001011000 0
001010000101 0
011011101100 1
101010010001 0
001010001100 0
100000101100 0
000101001010 0
101101010001 1
100000000010 0
001010110110 1
001100110101 1
111000100101 1
111110111011 1
101010010000 0
010110011011 1
111100110111 1
010010010101 0
100000111000 0
001010111010 1
111101101101 1
011111100011 1
111010100101 1
101011110001 1
000101001100 0
000001100011 0
000001001011 0
000011011110 1
111000110111 1
001100000001 0
110000101010 0
101000111000 0
100010101000 0
010101011100 1
100000000101 0
010101111011 1
001100010011 0
010001110101 1
110001010011 1
011110001111 1
111110111101 1
000110100110 0
011011101011 1
111010011111 1
011100000100 0
011010111000 1
110010001000 0
001110000110 0
110110110000 1
000100000001 0
100111001000 0
111110001111 1
001000001110 0
100001101100 0
101100101111 1
000011001101 0
010010001001 0
011001100010 0
101101101111 1
110101110000 1
100010111001 1
011111100100 1
111101101111 1
100101001111 1
001010010100 0
111111110000 1
100101111011 1
001110001001 0
000010010101 0
101100011010 1
010101001101 1
000001000111 0
110011100001 1
000001100111 0
010001010000 0
010010001000 0
001100010110 0
111111100101 1
011000011111 1
101001110000 0
001111101001 1
101100001010 0
101110000101 1
111100101110 1
110010110110 1
001110011011 1
110011011110 1
101111101101 1
001011100010 0
110000000110 0
001001011000 0
101011010100 1
101101100011 1
000110010010 0
100000100001 0
100000101011 0
001100100011 0
010001010110 0
100000010000 0
010111000010 0
111110000010 1
111101000010 1
011110110000 1
111111000111 1
000101001110 0
000011111010 1
111000100110 1
010100110100 0
101100100100 0
001000011001 0
111111100001 1
010001011010 0
000101111101 1
000110111011 1
001001001010 0
001011100010 0
000101011101 1
001100100010 0
101100110011 1
011111100011 1
001111100000 0
100110001110 1
011011001011 1
000111001000 0
001010101000 0
101101001011 1
000000000011 0
110010110001 1
110010000000 0
100110101110 1
011010100111 1
111101010101 1
110101001001 1
000011010001 0
010100111001 1
000100010011 0
000001010010 0
000101010100 0
100110010111 1
100101011110 1
010111111011 1
110010110011 1
011000111100 1
100110011100 1
001001011100 0
100010011011 1
010010101000 0
110111001100 1
001100010001 0
101010000100 0
111111000010 1
000110100011 0
111111001111 1
110101111100 1
101000010110 0
011000010010 0
000001000011 0
111100010100 1
110110100101 1
100100010001 0
110000110101 1
010111010010 1
111111011011 1
000011101011 1
011111001001 1
100000011101 0
010111100011 1
000001001111 0
000101110100 0
101110000011 1
110001101101 1
101010001001 0
000111101111 1
111100001010 1
001101100001 0
101010111110 1
111011111110 1
011100110010 1
111110101001 1
001000111110 1
000100010010 0
010111100000 0
011001100011 1
110000101000 0
000110100100 0
111000000101 0
100110000001 0
000000100100 0
001110000010 0
001100100000 0
011001010000 0
111010001110 1
011000011100 0
001101011011 1
101001110010 1
001100000100 0
010010001001 0
010111001111 1
111000111010 1
110001000011 0
010001010000 0
011010011011 1
110101001110 1
001010110000 0
010100001101 0
101101011110 1
011000111011 1
011011010100 1
110101011001 1
110100101111 1
111000110101 1
111001100100 1
100101110100 1
101010111000 1
000100011100 0
011111101010 1
110011000110 1
101010100001 0
110110011110 1
111100001100 1
110010010111 1
101011111011 1
011111101000 1
100100101101 1
011101000011 1
001010110001 0
011101101100 1
010001101101 1
101001111001 1
111001011000 1
110110000111 1
111101101100 1
001100110011 1
100111000010 0
000100101110 0
000001101100 0
101010100100 0
100101000101 0
000111110000 0
011000001110 0
101101000011 1
110110000010 0
011100010101 1
011001011100 1
101110100000 0
110111000000 0
100110000101 0
000001001111 0
011101100001 1
100001000001 0
110000101011 1
110011100011 1
101100100001 0
001110010100 0
101101100001 1
011000100101 0
001011111110 1
110100000011 0
010101110100 1
101010010110 1
111100011101 1
111010100110 1
011011001001 1
000010100111 0
001010110111 1
000010110010 0
000001111010 0
001001001000 0
001101010011 1
100110010111 1
100110101111 1
001111000110 1
011001001010 0
100011111011 1
010011100100 0
000011010000 0
000011100000 0
100110010101 1
000000101111 0
100011010011 1
100110000111 1
001001011010 0
111100010010 1
000001010001 0
011010100100 0
010001100000 0
000011110100 0
101110001111 1
101110101111 1
010101011001 1
000100111011 1
010111011101 1
011001101011 1
111011001111 1
100010110001 0
100010011111 1
000101110011 1
100100010000 0
010011100110 1
010000000001 0
110110010110 1
101000011001 0
000100100001 0
111001101100 1
111010100010 1
111010001000 0
100111101110 1
100110111011 1
010010000110 0
000110101001 0
010001101011 1
000001100110 0
111010000010 0
001000000111 0
100001001010 0
010011001011 1
011011110001 1
111101011001 1
011100011011 1
010110010010 0
100010010111 1
111100100001 1
101000111010 1
111111100100 1
101101101100 1
000101101111 1
101101001011 1
000000101011 0
011111101100 1
000000101010 0
110001001110 1
111010111100 1
110110110011 1
000000000101 0
011110001100 1
101001001010 0
101000110111 1
001110001010 0
101111101010 1
111110101011 1
110101000110 1
001100100101 0
010011001110 1
011110000000 0
111100011110 1
011010100110 1
000111010100 0
111100010010 1
010111111100 1
000110000100 0
101001000111 1
101001001110 1
010100000001 0
110001101000 0
011100010010 0
110110011110 1
011010001111 1
100000100010 0
011111100010 1
110001010001 0
001100100111 1
101010101110 1
101000001111 1
100010011001 0
111100101101 1
000110100000 0
010101110100 1
000111100000 0
100110110000 0
010111011010 1
000111010001 0
110011001001 1
001100111010 1
010111000101 1
101110000011 1
110100001100 0
100111011110 1
100110011011 1
100100010111 1
101100100110 1
010100101000 0
010001101110 1
000110010101 0
101100111111 1
001001100010 0
111111011100 1
000100000111 0
000011001111 1
100000101001 0
000110001001 0
101001011001 1
100010100010 0
110001110010 1
101101000000 0
000111010110 1
010110100001 0
100110010101 1
010010101010 0
001011010100 0
101010011110 1
100000111110 1
100101001101 1
100100110001 0
001011101001 1
100100110101 1
001010000001 0
000101101100 0
011001001111 1
110001101100 1
101000010011 0
010000110101 0
100001010001 0
110000001111 1
001101001111 1
101110100010 1
111000101110 1
000100001110 0
000011100000 0
011100111000 1
011101101100 1
011010000111 1
101000011011 1
011010010110 1
100011000001 0
111011111101 1
110111111101 1
110011001110 1
011101000101 1
100111001001 1
000011100000 0
011001110001 1
010110110001 1
110010110011 1
101010100000 0
011101100101 1
110111100111 1
101110000011 1
111010110101 1
010011011011 1
110101001011 1
101110111110 1
010000010000 0
100110001001 0
100101010011 1
010111111011 1
000101100100 0
001110011010 1
110100101010 1
110101000100 0
110000010110 0
001011111101 1
110011001111 1
100110110000 0
011111011111 1
101101110001 1
100100100000 0
000011111000 0
110001000100 0
001000100000 0
110011100011 1
111010111111 1
001111011011 1
100110101101 1
010010011110 1
101011010001 1
111100010110 1
111101001000 1
000010100001 0
001000010111 0
010111011110 1
001111101001 1
110010100100 0
011010110111 1
100110001100 0
011100011111 1
100010100111 1
100111010100 1
111111111010 1
101010111010 1
110001010001 0
101000111001 1
111011100001 1
010010010011 0
101011010100 1
101010101110 1
001010111001 1
011010010111 1
011111111111 1
111100001111 1
111011100010 1
100100100100 0
010111010011 1
100110000100 0
001101111101 1
010010101010 0
011101000101 1
001101011110 1
100000011001 0
100111100010 1
000110111111 1
011101111110 1
011101010110 1
010000100111 0
011001000001 0
100010111011 1
000100010111 0
100100101001 0
100001011101 1
110110011010 1
100100001010 0
011011000111 1
010110100100 0
111011101101 1
000010001110 0
111101000000 0
010011101000 0
110110010011 1
001011011001 1
110110001101 1
111101101010 1
101010011001 1
010010000101 0
010110101010 1
011101100110 1
100101001100 0
100111011101 1
100110101000 0
010000111000 0
110101001011 1
101111000010 1
000010111110 1
000100011000 0
001010001100 0
100110111001 1
111010111101 1
111011100010 1
101100111110 1
111111010101 1
010110001110 1
001111000000 0
001111000110 1
110100110110 1
101010000010 0
001010110100 0
110100011110 1
000000000101 0
100110100010 0
101100001011 1
110000000001 0
001101111010 1
101100001011 1
010000000100 0
101110100010 1
010100000111 0
010100111100 1
100100010010 0
000000011001 0
100100101101 1
110011010010 1
100000100110 0
000110001100 0
100111110010 1
010001110000 0
111001110101 1
001111000001 0
001100000000 0
000010000001 0
010101111001 1
111011101001 1
000000101101 0
010100100000 0
111000011001 1
001101110000 0
000000111111 1
100101100001 0
111100010110 1
001001111001 1
111111101111 1
010011110111 1
000001011001 0
100111111011 1
111101111001 1
110111101010 1
010010010001 0
101100100111 1
001000001001 0
100001111111 1
100111011001 1
101111110100 1
001000001011 0
010101001010 0
001110011000 0
101000000110 0
110100111011 1
011011011001 1
010110011001 1
111110101010 1
001111011001 1
010001110101 1
001000110110 0
001111010111 1
101100010111 1
000111011101 1
101000011101 1
001101101101 1
010010001101 0
110100110000 0
010111010000 0
100010100000 0
010101111101 1
001111111100 1
010101000010 0
011111011001 1
010100011001 0
010110000000 0
010010010000 0
101100111011 1
011110001010 1
100111001011 1
111101011001 1
000111100111 1
000001011010 0
111000100011 1
001111110000 1
101101100010 1
000101001010 0
101011011110 1
010001100011 0
100100101011 1
000100011011 0
010100000100 0
010000110000 0
000101101001 0
010000110111 1
010101100000 0
101000111111 1
001100100101 0
111110011111 1
101000111111 1
110000101100 0
101001000010 0
111010101110 1
001110010111 1
011010010011 1
110110000100 0
001000111010 0
111001010100 1
000100010101 0
011110101001 1
010011011110 1
011011101001 1
001010111001 1
101001000001 0
100000011110 0
100110100111 1
000101111100 1
100001101101 1
111010000110 1
010110010000 0
010011100111 1
101000111011 1
111011100011 1
001010101010 0
101100110001 1
001101110010 1
110100001100 0
000101011110 1
001110000001 0
011111001101 1
010100001000 0
110100000000 0
000100010000 0
011000010100 0
111000010111 1
011110001111 1
001011000101 0
010001000000 0
000111001011 1
010011000011 0
110011111111 1
111000011001 1
110010010110 1
001010001000 0
011111100100 1
111100100001 1
010110001100 0
111110111000 1
100111111110 1
110011110111 1
110011101101 1
010001001000 0
101110011110 1
001010100000 0
101100001000 0
000100011011 0
111000110001 1
010001001101 0
010001111010 1
010011000110 0
010100000110 0
100100111110 1
010110110000 0
100010100110 0
011001110110 1
010101001111 1
010000111000 0
101011011101 1
101111111011 1
001111011001 1
101110010111 1
011001001000 0
000101110011 1
001110101001 1
011001001000 0
100100111100 1
011010100010 0
010100011111 1
111111010010 1
001101000110 0
011001010000 0
110000000101 0
100110100101 1
011111110110 1
110101000110 1
010110111110 1
011010111110 1
000100101000 0
011110111000 1
111000111010 1
110101111101 1
010010011111 1
111100001111 1
110110110100 1
100111011000 1
010000011111 1
010011111110 1
010000000011 0
110011011010 1
010100101110 1
110001100011 1
000101100100 0
101001011001 1
010010101001 0
100010001100 0
010001111101 1
011110011001 1
101100111001 1
100100100110 0
100011100000 0
100000110000 0
111110000001 1
011111001010 1
010011000010 0
011110101011 1
010100100001 0
110111100011 1
110000111100 1
100100011000 0
111000000000 0
001110011000 0
100000010010 0
100001100001 0
010100010011 0
111011010000 1
000000000110 0
110001010111 1
010110100000 0
001011001100 0
111111010110 1
101110000111 1
100110101101 1
100011000111 1
001101010001 0
110000110101 1
111110001000 1
110101000111 1
100110100101 1
010000101100 0
110110111011 1
101000111010 1
011111011010 1
000110111100 1
011100011011 1
010011010000 0
010111000110 1
100011010001 0
110011101000 1
101110000001 0
001110110111 1
100000000011 0
100000011100 0
001110111001 1
010101101011 1
101000010011 0
001100101110 1
001001001010 0
101110101111 1
011001011011 1
101110111000 1
010000111010 0
100111010110 1
100010100010 0
101010110111 1
100001111110 1
100110110000 0
011100010101 1
100001010000 0
100101011100 1
100100001001 0
010101101010 1
010101010011 1
100011000111 1
000000001100 0
100001110010 0
011111010110 1
101101101111 1
010001100100 0
000110111011 1
101000001100 0
100011110001 1
001010110101 1
111000100111 1
001101101100 1
010011001000 0
000011000100 0
001100110000 0
101000111000 0
010111100101 1
100000010111 0
001111010011 1
001010010100 0
101011000100 0
000101100000 0
001110100100 0
000001110111 1
000100100100 0
011000100010 0
100001100011 0
000110100100 0
101010100000 0
001100011100 0
011011111000 1
110111100100 1
001010001100 0
000101110100 0
111011111101 1
111101000011 1
111111101001 1
011011110111 1
010110010001 0
001011011001 1
011110111101 1
011010100100 0
000001011110 0
011001001001 0
011111001001 1
101101001011 1
000010110111 1
111011010111 1
100001111100 1
110110000111 1
010001011000 0
101100111010 1
101101010101 1
001001100010 0
010010100000 0
001100111110 1
100111011110 1
101110001101 1
100010011001 0
101000010110 0
000000111011 0
110111010100 1
001100001111 1
010010100110 0
000111110111 1
000010001001 0
000000000011 0
100101101101 1
010001100100 0
011010111000 1
100110000010 0
101011101101 1
100011011010 1
110001100000 0
001011100001 0
000000110111 0
001010000111 0
010011111111 1
101101101001 1
111111100100 1
101001110010 1
100110111101 1
111100101110 1
010000101011 0
110100110011 1
011001010110 1
011101011011 1
010111001101 1
010100100110 0
000011110101 1
011001010001 0
110010101001 1
010011111011 1
111011110000 1
101011000000 0
100001111110 1
000111101001 1
000000110111 0
110011110001 1
111111001001 1
101100000101 0
110001101100 1
110000000010 0
110100010010 0
011101011101 1
101001010011 1
001111101100 1
011011010111 1
100111010010 1
111000101111 1
010001001011 0
100101000110 0
100011101011 1
100100111100 1
001001100111 1
110001001100 0
000001111100 0
101100010110 1
001111101011 1
011001100110 1
000111000000 0
110010111101 1
001000100001 0
010110110011 1
010100111010 1
111101111000 1
100111011111 1
101000100010 0
100001001110 0
011001001000 0
110011010001 1
001111100110 1
001011100001 0
010100111001 1
001011100001 0
000011011001 0
010001000110 0
010000100010 0
001101110010 1
100001100010 0
000111011101 1
000011100101 0
001111011010 1
100100101011 1
100000000011 0
001000110100 0
110010000011 0
110011011010 1
110110100111 1
010010000000 0
100000001010 0
100011000000 0
000101011100 0
001011110110 1
001001101110 1
111111010110 1
011111101101 1
001110011010 1
110011011001 1
100111001011 1
001011011111 1
110101100000 0
000000010100 0
011011111001 1
001111001100 1
001100100101 0
101111011110 1
101100110110 1
010001100010 0
110011010001 1
101101101110 1
011111010001 1
011100101001 1
000011100001 0
110100000100 0
001010101100 0
110110110001 1
101010000111 1
101111110010 1
110010001010 0
111100010010 1
000001011100 0
010000101001 0
101101111011 1
111000111010 1
110100000010 0
010100011110 1
011111011100 1
110001110010 1
001011011001 1
001100011010 0
110101000110 1
100001000101 0
100000000010 0
110101101110 1
000010100101 0
100001011011 1
010111010100 1
011010000101 0
001010101010 0
000101110010 0
101001110010 1
000001111011 1
000110101111 1
011001000110 0
000000011110 0
000001101011 0
101010101110 1
100000000101 0
001001000011 0
011101110011 1
100100100100 0
101111011001 1
011010111101 1
011111010011 1
011110100110 1
111100110011 1
100001000000 0
010100010010 0
010011010110 1
100001100000 0
100000000101 0
100010111011 1
100000000110 0
010000110101 0
101011110000 1
101010011010 1
100110100111 1
011001101111 1
011011010100 1
001011111110 1
101011001101 1
111101011100 1
100011000101 0
111111110000 1
011001010000 0
111111111000 1
101111110111 1
111010111001 1
101010000000 0
110111001101 1
111111000100 1
010001111111 1
001011001000 0
110111001101 1
100000110000 0
100100010110 0
101001101100 1
101001101000 0
110110101001 1
101100100100 0
010010000111 0
110101010001 1
110101110001 1
011101000100 0
011010000001 0
010111000001 0
101110101000 1
111110000100 1
100100000000 0
001011111111 1
011000110100 0
100110101101 1
001101001011 1
011001100000 0
100111111100 1
011101110011 1
000000001010 0
100010110010 0
011001101010 1
101010010101 1
000011100001 0
000001100111 0
110111011011 1
110011101000 1
110001000101 0
001101111100 1
111000001111 1
111010111000 1
111101001111 1
010101100111 1
111011111100 1
001110001100 0
001100100111 1
001010011100 0
001110110011 1
001000111101 1
100000011100 0
000110100101 0
110001010011 1
011101000110 1
010101100000 0
001101100111 1
001110110101 1
111001100001 1
011110101101 1
000001000111 0
011011010111 1
001110111110 1
111001111011 1
011000100000 0
110101100100 1
000010000111 0
111100101011 1
000111000001 0
100010111101 1
100111011111 1
001100110011 1
111111000001 1
110001100001 0
001101111110 1
110111010000 1
111001111110 1
011011110101 1
000001101011 0
000000001000 0
010100011000 0
101011011100 1
111010111010 1
011011110100 1
011111010001 1
110101010001 1
101001110001 1
100101110000 0
101100111110 1
000001001101 0
001011000001 0
001001101001 0
010000001011 0
101000001000 0
011001100010 0
001001110010 0
101100001110 1
011000101100 0
011101101110 1
100100101000 0
010111000000 0
010101111001 1
010110110011 1
010111110000 1
110001100011 1
110001011000 0
000000110101 0
101110111111 1
111000101000 0
110010000100 0
110111010011 1
010001100011 0
000110100000 0
000111001011 1
111001000000 0
101110101101 1
101111011100 1
111011110111 1
000100100010 0
010010101010 0
101101101010 1
111000101100 1
100010011110 1
100001001100 0
011101101101 1
001010010001 0
000110000111 0
010010000100 0
100001101001 0
100000101110 0
110000101011 1
000101001100 0
100110000111 1
100000001110 0
101101101111 1
100111000001 0
000011110000 0
100110100100 0
001011010110 1
010100011101 1
110101111010 1
110100110101 1
011110111101 1
101101011100 1
111111101011 1
010110000101 0
011001000010 0
000110011111 1
011010001011 1
110110110111 1
100000100100 0
111000101100 1
110111101010 1
001111100000 0
010101000011 0
011110101111 1
001100100101 0
110000001010 0
000001010010 0
111101101111 1
000011000101 0
100111001110 1
111101101101 1
011100001110 1
100011011000 0
101111111110 1
110101111011 1
101001011001 1
110010000000 0
011101100000 0
011000110001 0
011101001001 1
001000000101 0
001011011101 1
101011101111 1
011111001110 1
000111110101 1
001101010010 0
011000110011 1
110111000010 1
000100001011 0
101001111000 1
011111101000 1
110111101111 1
000000000111 0
010111101100 1
001010000100 0
010100000001 0
000011100011 0
010011101010 1
000000011111 0
011100111100 1
101001101010 1
111101001001 1
101101111010 1
011101100011 1
101000001101 0
011001100001 0
000001110001 0
010010100011 0
111110100000 1
111101010100 1
111000101100 1
110000001000 0
100010111010 1
101111011101 1
010101100111 1
100100110110 1
111101000010 1
001001000001 0
010011110001 1
001001100110 0
010111011001 1
100010100011 0
100101111000 1
100010010100 0
001010001101 0
010001101101 1
110101100001 1
111010111111 1
001110110011 1
011110100001 1
000111000000 0
110101000011 1
010011001000 0
110010111001 1
001010101101 1
001101100111 1
010011000000 0
001100011001 0
000100011010 0
100011011110 1
001101010101 1
000000100110 0
001111010010 1
000101111011 1
110010101110 1
110100111100 1
011000100101 0
010101100011 1
010111010100 1
100000101100 0
110011100110 1
100010010101 0
100101000100 0
111100010011 1
000001111000 0
101110000100 0
111000011010 1
011011110010 1
101110110001 1
010011000011 0
100001001011 0
010010101010 0
100010001001 0
001010001010 0
101100111010 1
111100001011 1
100101011011 1
111011010010 1
110011111000 1
101011000010 0
111110111111 1
001000001000 0
000011110000 0
000110100011 0
111001100001 1
001101111111 1
000101010001 0
011101000011 1
110101011111 1
011011000001 0
111100011001 1
011111101010 1
011011011010 1
011011101011 1
100101001011 1
000100110111 1
111011011011 1
111111110101 1
110110000101 1
110111011110 1
101100010110 1
011010010000 0
101000110001 0
100101110100 1
101001100010 0
101111101001 1
011110011111 1
001010101101 1
111010001100 1
111110010101 1
001001010010 0
010100001100 0
001010100000 0
010110011101 1
110110111000 1
010010000101 0
010010000101 0
010000010101 0
101001010000 0
000011001101 0
001111000000 0
101100000010 0
011101110011 1
011111100011 1
010010110010 0
011111110011 1
011001000011 0
110101001100 1
011101001011 1
100111110011 1
110000111000 0
010000101110 0
101000101000 0
100011000111 1
001100000001 0
001100001101 0
110011111011 1
100110000010 0
010011100000 0
110011110111 1
111011101111 1
000010101101 0
010100101001 0
001101001100 0
010001000001 0
111011001001 1
100010111101 1
100000001010 0
000011000000 0
011101110001 1
011111011110 1
101001001101 1
101100000010 0
000110100011 0
011000100001 0
100101011110 1
010101001111 1
011111011000 1
101110001010 1
010000100001 0
010011101010 1
101001101001 1
100001011101 1
110100001001 0
011110001001 1
011010010010 0
001000011001 0
101010101111 1
011101111111 1
001001100101 0
111101111110 1
011110110111 1
011110110010 1
000111010000 0
000111011111 1
100010110101 1
010010101010 0
000101100111 1
110000011001 0
100010100011 0
100111011010 1
101111110010 1
101111101011 1
010110001110 1
011101100001 1
100101101001 1
101010010010 0
111010101110 1
000000000111 0
001110010100 0
100001001100 0
110010100101 1
001111111101 1
101101010110 1
111000101001 1
001100001010 0
111001001000 0
011011010011 1
101110110111 1
001111101010 1
101100101110 1
101111110010 1
101001010111 1
111001010010 1
001100001111 1
011001101011 1
010101100100 0
010100111010 1
011001101110 1
001000010000 0
111100001111 1
111110011111 1
100001101011 1
111111100100 1
110101110110 1
101000001111 1
011011111011 1
100101010111 1
110111000000 0
101100101111 1
101101101100 1
111101010100 1
100111100000 0
101001001111 1
000100011100 0
000001101001 0
111001110000 1
011011101000 1
010110111110 1
000110010111 1
001000111100 0
100010001001 0
001010000000 0
111011001110 1
001010101100 0
010001101110 1
000010110100 0
100110110011 1
100111110000 1
000001111101 1
110100101110 1
010001011101 1
111001011001 1
010101101100 1
010011111111 1
001010110001 0
011101011101 1
010000000000 0
010010011111 1
001110001100 0
101111110100 1
100101100000 0
110100001110 1
000101111100 1
011101010111 1
110010010011 1
000111010001 0
100100100011 0
110010011100 1
111010110100 1
011000110110 1
001000010101 0
110000111111 1
000001110110 0
011100100010 0
001010110101 1
110101011011 1
010000010101 0
101000110111 1
000111000010 0
100110101010 1
110110010010 1
011010001111 1
110101111001 1
001111001111 1
001100010110 0
110111100000 1
111110000110 1
101000110010 0
111000110101 1
011110101010 1
010100011001 0
011110010011 1
010100011101 1
110101001011 1
011110000011 1
001010011101 1
010000111000 0
000001000010 0
100000111110 1
110001000100 0
000010101100 0
011010101011 1
001011110001 1
000010101101 0
101011000010 0
000001111011 1
011011100110 1
000110110011 1
010111101100 1
111100001011 1
011001000110 0
000010110010 0
000101010000 0
000110000111 0
001010010100 0
100010010101 0
010101111000 1
001000010000 0
100100101010 0
000000000011 0
111000100011 1
100100000110 0
000000110101 0
110010110101 1
001110111010 1
011100101110 1
010011111101 1
000101111100 1
111001111000 1
011101111110 1
011101001101 1
100010001111 1
010100100100 0
010011000011 0
101010111001 1
010000101111 1
000011110011 1
001111001101 1
010000011011 0
110010011110 1
111010101101 1
000101100100 0
001001110100 0
100111101100 1
110010101100 1
110101111100 1
011000001110 0
101010100010 0
100010111100 1
101100100110 1
001000011001 0
101101111101 1
010000000110 0
001100111111 1
110000101000 0
101010110110 1
111100011100 1
110001100000 0
010001111100 1
001111110110 1
100000011010 0
101111110010 1
001101100111 1
101010010111 1
001000101111 1
111101010101 1
111001000101 1
001111000110 1
100111101000 1
111101111100 1
000101101011 1
111111111011 1
100000110111 1
000010100110 0
011011110011 1
101101101101 1
100001001010 0
001111010111 1
100000001001 0
001100111111 1
100001000110 0
110011110000 1
010100000010 0
011111010001 1
011000101011 1
011111011010 1
100111010010 1
101111100011 1
110100100011 1
010000001100 0
001011110001 1
011110100111 1
100000000111 0
010010111101 1
101110001100 1
101011101100 1
011010101111 1
000111110101 1
110100101001 1
000011101011 1
110111011011 1
101010110110 1
010000101010 0
100101100000 0
101001011111 1
111011011000 1
000100111101 1
001000011111 1
100001110011 1
101101001000 0
000001111000 0
110101010010 1
100110000110 0
010111111001 1
110011000100 0
000010111110 1
011010010001 0
011101010110 1
110100110110 1
011011000110 1
110010000111 1
010000001000 0
101010111010 1
000100010000 0
110110000010 0
111100000011 1
001000110001 0
110011000011 1
110011010101 1
101000000110 0
000111111100 1
110010000001 0
101011110010 1
100010001010 0
100100010111 1
101010010101 1
101101100001 1
100011011010 1
110000100001 0
010101011111 1
000101100010 0
100101010110 1
100010110111 1
111011000010 1
001111000101 1
010000111111 1
110000101000 0
111110011110 1
001010101000 0
000000011100 0
100011000001 0
111001010101 1
011101110101 1
111000011100 1
010100100000 0
111010110001 1
000110100000 0
100000100100 0
010000100010 0
100101101111 1
001100011010 0
011011001000 0
110110000010 0
011001111101 1
100111000111 1
001100000110 0
000001110001 0
111100101100 1
101110111011 1
000000000101 0
110111011100 1
011000001010 0
100111111011 1
001010100010 0
010011000001 0
111111000000 1
000010111110 1
100100100110 0
010101111010 1
001001111111 1
111111100010 1
010001000001 0
001001111111 1
111010101100 1
011001101011 1
110000010101 0
001100100000 0
001110110010 1
000001011011 0
001001110100 0
011011000000 0
110111000111 1
000101101101 1
001011011110 1
000101101101 1
100011011000 0
000000010011 0
001100000001 0
111001111011 1
111100001111 1
000001011110 0
111010100010 1
011001100111 1
110111010101 1
110110101001 1
011100001110 1
001000110101 0
100011100100 0
101011011101 1
000010000110 0
101111101100 1
101011000100 0
011010101011 1
001101000001 0
100110010110 1
001101011011 1
010100110100 0
101011101111 1
110000000001 0
111001011111 1
001110011000 0
100101001101 1
000110100010 0
011111011010 1
011000100110 0
000101110110 1
111111100010 1
000100001001 0
000100011101 0
100011100101 1
110111001101 1
001111100101 1
011101101101 1
001000010011 0
100111111111 1
101001111100 1
010001010110 0
000011110111 1
000001111100 0
011110011000 1
011000001010 0
111001110111 1
001001000001 0
100010110011 1
010011111101 1
101110001110 1
101111010011 1
101001011111 1
000000000001 0
011101000111 1
011000011110 1
110011111100 1
110100111100 1
001101001001 0
100010111001 1
001100001010 0
110101010011 1
011100001010 0
001011000110 0
111000010101 1
001101110011 1
000000011110 0
110110111101 1
011111010110 1
110110100010 1
100000100100 0
011000101110 1
000000000001 0
001010111011 1
101101001010 1
110100110100 1
010101000111 1
110001000010 0
101001000011 0
111010101111 1
101100111000 1
110010000011 0
001010100111 1
100101100100 0
011001001000 0
111010001111 1
000000001111 0
111100000100 0
000000101101 0
000111101101 1
001111100101 1
000111010000 0
110101101001 1
000100011011 0
110011010011 1
000111010101 1
100100010110 0
100110110000 0
111100011110 1
010000001100 0
101111111010 1
010111111101 1
010001010000 0
101111000010 1
010001010110 0
101110100111 1
100100101010 0
110001000011 0
100010010010 0
001000010011 0
011000100000 0
000001000111 0
100110000011 0
010111011011 1
001101001000 0
111101111010 1
110010111011 1
010100001111 1
101100101110 1
000101001011 0
010101100001 0
101100001001 0
010011000000 0
010001111110 1
001011111110 1
011101000010 0
000001001010 0
000001011110 0
110011101000 1
110010100011 1
000001111111 1
100000101011 0
100100100011 0
011011100101 1
100101001011 1
010001000000 0
010111000111 1
010000110010 0
011101010100 1
001011001000 0
111011110011 1
100101010011 1
101011011010 1
100010111000 0
100110101010 1
001000010001 0
101110100001 1
010000010000 0
101011110111 1
110101101001 1
001101011011 1
011110100010 1
001000100011 0
101111001011 1
100111111100 1
100010010010 0
010101010101 1
001101110010 1
010110010101 1
110110001100 1
100111111101 1
100111000101 1
001100100111 1
111000111111 1
101010011011 1
110100101000 0
010011010011 1
010101100110 1
110100111101 1
110111110000 1
010111010001 1
000111110101 1
100100100100 0
000010100011 0
010100100001 0
100011001111 1
100100010101 0
001111000001 0
000010101011 0
101000111000 0
000110000001 0
101010011100 1
000101001011 0
101010111000 1
111100000110 1
010000100010 0
100000010100 0
011010010111 1
100111010000 0
011101011111 1
001000101110 0
001100110100 0
010010101000 0
011111100000 1
100010100011 0
110011001111 1
000100111011 1
001010001110 0
101010110001 1
110000100100 0
110100000001 0
111111001110 1
110011000110 1
110011010100 1
001010001100 0
101111100001 1
110001100101 1
000001110000 0
111010111000 1
001101111010 1
100111000001 0
111010101000 1
000100001101 0
101110011011 1
001101000101 0
100001000110 0
100010010001 0
110100101100 1
001011100000 0
001000110011 0
111010000010 0
110111001110 1
011010000101 0
011100101011 1
000010100110 0
101101100100 1
111110000110 1
001010000010 0
001100000110 0
001010111100 1
011010101001 1
100111001100 1
100010001100 0
011101111110 1
000110000001 0
100000101001 0
011000111011 1
111011101010 1
101011110101 1
110010101010 1
011001111100 1
100100010111 1
111101110010 1
110000110101 1
010111111101 1
111000001011 1
101101000111 1
001011110111 1
011100000001 0
100000001101 0
100010010101 0
101101010000 0
111011001110 1
101100100110 1
011110010000 0
000110110100 0
110110110100 1
111110000001 1
000010101010 0
000101111001 1
000100100100 0
001011000110 0
000110001001 0
101111010110 1
100000111100 0
111111000010 1
110011001110 1
001000010001 0
000100101011 0
000100111001 0
001100101010 0
100011001000 0
000111110100 1
100010100111 1
010110010110 1
011111110001 1
101000111010 1
100111101000 1
011000010011 0
010110000010 0
100110010111 1
011101110110 1
110110010001 1
100000110100 0
111000000001 0
010011001011 1
110000010111 1
011111101010 1
001011101010 1
111100011010 1
010111100100 1
100001101101 1
110011110010 1
000010110110 0
001111011111 1
010001100011 0
101011110100 1
001011000010 0
110101011001 1
001000110001 0
101101111101 1
011101001101 1
001000000100 0
101110111011 1
001011110010 1
000101111100 1
011101111100 1
110000001100 0
011101100011 1
100100000010 0
100100001111 1
110000101000 0
111100111101 1
010100111011 1
010111001000 0
111000000110 0
011010001011 1
001010010100 0
110100010110 1
110110001110 1
000100110001 0
110000001100 0
000000011000 0
011001110000 0
010110000011 0
111011111000 1
010100001010 0
101000100001 0
001001101010 0
111111110011 1
111001110001 1
111100100011 1
111010010111 1
011000001110 0
000000001000 0
010000011000 0
100110000001 0
000001110011 0
110110011010 1
000010001000 0
010101010000 0
010000010101 0
010111101001 1
111011000110 1
110110111001 1
000101100000 0
001101000100 0
110111000001 1
111100010100 1
011110001010 1
010110100111 1
100101110110 1
010101011001 1
110001000000 0
111101010010 1
111001010001 1
000001010010 0
010111100000 0
011111010111 1
101111011011 1
001110100010 0
110100101001 1
110011111001 1
000110010111 1
111001100101 1
111111001001 1
110010000101 0
111000111010 1
011000110110 1
001101111110 1
000000101100 0
000010000100 0
010011001001 0
101010111100 1
011001110100 1
010011101001 1
011111101011 1
011100011010 1
000010010011 0
110110111010 1
100000111001 0
101010100000 0
101101010101 1
110011000001 0
000110001111 1
001110100101 1
100001011010 0
110010100110 1
000001000010 0
010011000111 1
001011010001 0
101101000001 0
010111110010 1
000011101100 0
001011111000 1
010001101101 1
000110011101 1
001100110010 0
000110010010 0
100011101101 1
100111101110 1
011110010100 1
001000010000 0
100110000000 0
010001111111 1
100001001001 0
001110001110 1
001000010111 0
010111110100 1
101110101111 1
110001100111 1
101000010110 0
111100011000 1
010100010011 0
001001000100 0
011000011110 1
010100001101 0
000101000000 0
110111110000 1
001100000010 0
100000011101 0
111010110010 1
000011011010 0
000110100111 1
010110101011 1
000100010110 0
101000100101 0
001100101000 0
110010100001 0
101100111110 1
110101001000 0
010001001011 0
011000010111 1
011101010000 0
010001110100 0
110011011011 1
011000000101 0
100110111010 1
001001101101 1
111010111010 1
000011001111 1
101111000100 1
101100110101 1
010011010011 1
100000111011 1
000101111111 1
010011100101 1
010111111111 1
010111000011 1
011010001011 1
100001001010 0
100001111100 1
011110111000 1
101000000010 0
111101010000 1
101101100111 1
010011111101 1
111011111101 1
110111101010 1
011111010001 1
110100010010 0
001101100100 0
001111011010 1
000000101000 0
001001001101 0
000100011100 0
000101111110 1
110111110001 1
100111111010 1
111000100010 0
010000100100 0
001010111110 1
000001011001 0
001111111100 1
010000001110 0
100000001100 0
000101101100 0
100100010101 0
110111010010 1
001111001100 1
000001000110 0
011000001111 1
111111001001 1
001000100111 0
010110110101 1
001111001100 1
000001001111 0
101010101101 1
010110110111 1
101101110011 1
100011001001 0
010011011101 1
000101011000 0
000111100010 0
000101110101 1
111011111010 1
101110110000 1
110001101010 1
110101101100 1
101110111000 1
010010000000 0
100010100101 0
011111111100 1
101010000110 0
111101011100 1
010001100110 0
000000011011 0
010010100001 0
101000011101 1
111000110001 1
110111111100 1
100110001001 0
011011000110 1
111010010100 1
010011101010 1
101110011100 1
110110100011 1
010110000100 0
101011010110 1
111001110110 1
100010111101 1
110010011000 0
010100110101 1
110100000101 0
110011001111 1
011110100010 1
100101001101 1
111001101110 1
100000111000 0
000001100110 0
010011111011 1
001000111100 0
101011101000 1
111100100111 1
001111100010 1
010101100011 1
111110010011 1
100000010011 0
100011000011 0
000000011101 0
010100100101 0
010011111001 1
001100000110 0
101101101101 1
111011000010 1
010001011110 1
000010011001 0
010011111101 1
010001100001 0
010011110011 1
111101101100 1
100101110011 1
101111001111 1
111011010100 1
001010111100 1
010101001010 0
111111011111 1
111101010110 1
001001111010 1
011000100000 0
110110101101 1
100010011110 1
010010100010 0
010000010111 0
110110110001 1
010100100000 0
001111100111 1
101000101101 1
001010100001 0
011001111100 1
010100011011 1
110000110001 0
111011100110 1
111000110011 1
000011101011 1
001100101010 0
011101101000 1
010111001101 1
100001000001 0
000101010110 0
010111001010 1
101110000000 0
010010001110 0
001001000100 0
001101111000 1
001011101100 1
010001110010 0
010000000100 0
111101001100 1
100100110011 1
001110110110 1
000111001010 0
010100001001 0
111110111000 1
001110000110 0
011011110011 1
011100011101 1
001101110010 1
010111010001 1
011011100001 1
000100010001 0
000011110111 1
110000111101 1
000101000010 0
110100011011 1
111111000100 1
111111001011 1
011101000010 0
111001110010 1
011110101111 1
010001101101 1
000001011110 0
100110100010 0
100001000101 0
110001001100 0
100011101001 1
001001110110 1
111100100101 1
110010000110 0
101011100000 0
101000000111 0
101111011101 1
100111110001 1
101001001010 0
101001100100 0
110100101010 1
001111011101 1
000110101000 0
001001100000 0
001001000101 0
010010011110 1
001000000001 0
100111110100 1
001000010010 0
111001011111 1
010001110010 0
001111011010 1
000010100000 0
010100000100 0
011011000000 0
010100100111 1
000101111100 1
100000100001 0
111100011010 1
011010001101 1
011000110101 1
010001001110 0
011101001110 1
001110010010 0
001101000111 1
100100000111 0
100000000000 0
110110110110 1
100010011101 1
010100111110 1
111100110011 1
100000001010 0
101101111011 1
101011111001 1
100011001011 1
111110111111 1
111111111001 1
111011000110 1
110001111010 1
101001100101 1
101111011001 1
000010000101 0
011100011010 1
001010000111 0
100110100101 1
010010101111 1
110010101010 1
110000011110 1
111011111001 1
100100000100 0
110010011000 0
011101110100 1
000001101100 0
010110101101 1
110111101010 1
100001100101 0
100110001100 0
000101011101 1
001010001000 0
000011100010 0
011010110011 1
110001100011 1
101000000011 0
010010100110 0
000000110100 0
010100100000 0
010001001110 0
011111100000 1
011010001011 1
011001010110 1
000100011011 0
110000010101 0
100100101111 1
111001101110 1
110011110111 1
111011001111 1
111110000011 1
001000100011 0
000000100100 0
011101000110 1
101100100111 1
000010010011 0
011100110001 1
100001110010 0
001000001111 0
111100011011 1
011001011100 1
000100000110 0
110101100101 1
010100001110 0
110011110001 1
001001110001 0
010001101110 1
111101000111 1
011000111010 1
100010110100 0
010110101010 1
100101011001 1
100110110101 1
000010010001 0
101100000100 0
100001001100 0
010000101000 0
110100000101 0
000101001010 0
100111111001 1
101100010000 0
110100110010 1
111111011000 1
111001011111 1
110000001010 0
010110101010 1
001010011000 0
101011111111 1
010110000000 0
101011111001 1
000001111001 0
001101101011 1
001000000001 0
001010110101 1
111001101001 1
001001110101 1
101111010111 1
001111101110 1
000010101010 0
011101000011 1
110010100100 0
001001001100 0
010110111011 1
111011010000 1
010110110010 1
010010100011 0
100100110010 0
000110111110 1
110101000011 1
110101000111 1
101100010010 0
111010110110 1
111000100110 1
100111001100 1
111100011011 1
110100001000 0
001001111011 1
001010101011 1
010010110010 0
110110001000 0
000001110000 0
101110001110 1
101101111000 1
111010000111 1
111100110101 1
000011010101 0
110010011010 1
111011011000 1
001000100000 0
001010011001 0
001001000100 0
010001001101 0
100001011010 0
111101110101 1
001000001100 0
101010111110 1
110100011010 1
011110011010 1
110001011110 1
000110101100 0
111110001000 1
100110110110 1
111000110110 1
001100101110 1
001011000011 0
100111101110 1
110001100110 1
110110100110 1
010110110100 1
100100001011 0
001111111100 1
010010100111 1
000100111110 1
001101101011 1
010110111111 1
011101010100 1
011100100111 1
110111001000 1
100011011001 1
111111111010 1
000001001111 0
000010001111 0
001110100110 1
011001111110 1
010001000011 0
000010011111 1
100101101001 1
101101101011 1
011110101111 1
010110110111 1
010100001001 0
011100001110 1
001110111011 1
110000101011 1
010010000101 0
010100100011 0
111101000011 1
010101010011 1
110110010101 1
001001101000 0
110101010111 1
001001001111 1
100010010001 0
001100011010 0
011010001110 1
110101000110 1
011010000100 0
110101000110 1
000010001101 0
101010100110 1
001011011010 1
000010100010 0
111010111000 1
101000100001 0
000111010100 0
110111100011 1
101000110001 0
000011110110 1
001111000100 0
111100111101 1
010001101100 0
101010100111 1
101001011100 1
111010001100 1
011101001101 1
111001101010 1
110000100100 0
010100101000 0
111010010011 1
010010001001 0
100110011111 1
010010100101 0
100010000010 0
001010111111 1
010010110110 1
111000110111 1
011000010111 1
001001011000 0
011011101101 1
101000010000 0
101011010010 1
100101100110 1
000111101001 1
101000110010 0
100011011011 1
001111110100 1
100001010000 0
110101000000 0
000011110101 1
110110100111 1
111101000001 1
101000010010 0
010000100100 0
010001111101 1
001110101010 1
000011110100 0
101001000101 0
111100011111 1
100100110001 0
111011111010 1
011001001010 0
111111000111 1
100010000101 0
101010101011 1
111001101100 1
000101100000 0
110010110010 1
100101110010 1
011110000111 1
101100100011 1
100010101110 1
010011111010 1
100001100101 0
110011101001 1
111011100110 1
001101110111 1
101111001111 1
100110101011 1
010110010101 1
101001010100 0
111011000011 1
010010101000 0
010100110010 0
011000110001 0
000001001111 0
000101010010 0
101010000001 0
010001000000 0
101111111111 1
101100110010 1
101000011001 0
011000101111 1
100010101000 0
001000000101 0
010001111001 1
011011011001 1
101100101011 1
101111011001 1
000010011100 0
100100110110 1
001000011101 0
001000110100 0
111010110110 1
001011100110 1
110110101101 1
010101101011 1
010100110110 1
101000011101 1
000100000010 0
010110011011 1
110110000010 0
110001110101 1
111000001101 1
001011010110 1
000110111010 1
101110011000 1
001101001100 0
001010110110 1
001001000111 0
010101000101 0
011000000001 0
101010110111 1
010001111001 1
101100011011 1
010110001100 0
100100010101 0
101101010011 1
111010111100 1
111101001001 1
001000001101 0
000011100011 0
101110101101 1
001000001000 0
011101100110 1
000111111101 1
100111010111 1
011000011101 1
000111000011 0
011011010001 1
110101100010 1
110011101010 1
111000001100 0
110100100110 1
000101000000 0
111010100001 1
001110110010 1
100100011010 0
010001001010 0
101110101101 1
011110010110 1
110001010001 0
000010000000 0
110001001010 0
001110111011 1
101010010001 0
011101110011 1
010101111011 1
010010101001 0
010100001000 0
001111000000 0
101111011111 1
101111101101 1
110101100000 0
100101100100 0
010101000001 0
000101011000 0
001011000000 0
001101111111 1
010000001000 0
100110100110 1
011110011000 1
100100100101 0
000000010001 0
001111000101 1
111100111101 1
011000100001 0
101010111010 1
011000111011 1
001100101101 1
110111010111 1
010011110011 1
011010100110 1
111111100111 1
001100000000 0
011000010100 0
111000111111 1
110110110100 1
111110000010 1
011110011001 1
010110100000 0
111100000011 1
011100110110 1
110110101100 1
000011010100 0
110100110111 1
000011010100 0
000011011100 0
000100001111 0
011110010001 1
110101011110 1
100011110101 1
101000001110 0
101110000000 0
010001011011 1
101001010001 0
101111010100 1
101011101100 1
001111001101 1
111001100000 0
000111100011 1
001000000000 0
101010001101 1
000000001101 0
011111010010 1
011100010101 1
011001010111 1
000101101010 0
100100010011 0
000100101110 0
110110010101 1
101110011101 1
000000010101 0
001101100110 1
010001000010 0
100011111001 1
111001011000 1
011011111010 1
000100000101 0
000100110100 0
101110010100 1
111110011011 1
100111101110 1
111010000110 1
001111010101 1
100000011100 0
101100010000 0
111011111100 1
001010111101 1
011011111011 1
101111001100 1
101110100110 1
100001101100 0
001011111010 1
001110100100 0
100010001100 0
100101110101 1
010110101110 1
101010101110 1
110111000101 1
001000101000 0
011101011010 1
101101001111 1
101010010000 0
010011011000 0
010011001011 1
011010111011 1
110001110111 1
111110101101 1
000000101101 0
000011101011 1
010011001100 0
111011000111 1
001001000111 0
100110111110 1
100110101011 1
011000101100 0
011111001110 1
101011000110 1
011010111010 1
110100101101 1
100100101101 1
111111110111 1
010100010101 0
111011101110 1
101010100011 1
101111110101 1
101110001000 0
001011010010 0
101101111111 1
010100001101 0
110011001101 1
110001100111 1
101000100011 0
100011000100 0
101011100111 1
101001000011 0
011001001000 0
010001101001 0
001000001000 0
101011110010 1
111001001010 1
011111101101 1
000010111111 1
110000101001 0
100100101011 1
000110111110 1
011111101101 1
111000000110 0
010110011011 1
110110010101 1
011111110010 1
100101110100 1
110001001101 1
011000101110 1
011100010100 0
000100110100 0
000101100111 1
010001111001 1
101110100011 1
100101010111 1
111010001011 1
111010001011 1
100000000111 0
100101110101 1
011010000011 0
011111110101 1
111111000101 1
111001100010 1
100110110110 1
101101000011 1
000100111101 1
011000001000 0
111100100100 1
110000001000 0
000001100011 0
011011010000 0
000110110101 1
111010001101 1
011110011011 1
010110111010 1
001100000010 0
011110101011 1
101111101111 1
110011010010 1
100110101000 0
111111010101 1
101001011000 0
001111101010 1
100101111110 1
001001001110 0
100101101000 0
000100011101 0
000100101010 0
001010000010 0
010111100101 1
001100000101 0
000010000011 0
011000110010 0
000100010110 0
110000010100 0
001000111000 0
101000010111 1
000000001000 0
000000111011 0
100011110011 1
001000011001 0
011110100111 1
000010111111 1
011011001111 1
110011011111 1
110000110010 0
111101101000 1
010101101100 1
101011010100 1
101110110011 1
101001000100 0
010001010110 0
000000000000 0
111100110110 1
101000111111 1
110111010011 1
101101110010 1
011111010101 1
010001011111 1
010111110111 1
010101111101 1
010000111100 0
001001101000 0
101001000010 0
011111110100 1
010101010100 0
100010111011 1
101100001101 1
001100100101 0
100000010001 0
001101111000 1
101110110100 1
010000011000 0
101010100010 0
100110110010 1
000011100111 1
011011000011 1
011001111000 1
110101100001 1
000111011011 1
011010000101 0
110111111010 1
010011111010 1
100110110001 1
101000110000 0
101001110010 1
000010111110 1
101110001010 1
000100101001 0
001011100101 1
110000110000 0
001011110100 1
010100111011 1
111001011111 1
000110110111 1
010000100100 0
000001010001 0
101000110000 0
011110010101 1
000100010010 0
011101010110 1
100001000010 0
001001010011 0
111111001100 1
010000101110 0
000001101111 1
001110001111 1
011111010111 1
100111101110 1
100001000010 0
101111110010 1
011110000101 1
100010110000 0
111100010000 0
001010111000 0
001011110101 1
011110011001 1
100010011010 0
100110111001 1
110000011011 1
110000010111 1
010111100110 1
000011010110 0
110000111110 1
111110011101 1
011111100000 1
010000101001 0
100111111000 1
000010010100 0
011011001001 1
111000110001 1
000011110010 0
000011010110 0
001110101111 1
001111011101 1
000010000010 0
010011001010 0
001110000101 0
111100101111 1
111011100100 1
111100000001 0
000011100011 0
100001100010 0
111010101011 1
010000011100 0
010011011010 1
001000110101 0
000010001011 0
000010111011 1
101111111110 1
110100111110 1
000100000001 0
001101011011 1
101010000000 0
011000011001 0
001010011100 0
101110001100 1
100000101010 0
101101100101 1
000010100110 0
101010001101 1
011001101000 0
000011101001 0
010010000111 0
100111101000 1
101010001110 1
010100001101 0
111011001111 1
010111111001 1
010000010100 0
010011110000 0
001111101110 1
101101111101 1
001100100110 0
000010101111 1
001100111100 1
000101100100 0
000100011111 1
110011000010 0
100111001101 1
110101001110 1
110011011011 1
001000011010 0
110101110011 1
111001110110 1
010001000010 0
100101100111 1
110010010000 0
101100111010 1
100110110111 1
001001010110 0
101011101010 1
010101010010 0
000101110110 1
001110110100 1
011100111001 1
011000000100 0
010111100000 0
000110001100 0
011100111110 1
000101010000 0
110110000001 0
100010000000 0
011110110010 1
110110011101 1
100011111001 1
011000010000 0
001101101111 1
110110100010 1
011011010111 1
100101110010 1
011001011001 1
111101100000 1
011110101011 1
110110000101 1
100111111101 1
001000110101 0
000000111000 0
000001011001 0
111100011010 1
110011010101 1
110000111111 1
101100111011 1
000101111011 1
110001001100 0
011000110111 1
100000010001 0
010011011000 0
000001011001 0
100100010100 0
000110000000 0
100000110011 0
100110001001 0
000000001001 0
111111100111 1
101111111110 1
010010111110 1
101100001100 0
011100001101 1
100010110010 0
100010111011 1
100010101011 1
100010010000 0
111101110100 1
101011010100 1
000111000110 0
001111110101 1
000010110101 0
110111101101 1
111010111010 1
010000001110 0
111101001011 1
010101011010 1
101000010000 0
000011110010 0
101111011000 1
101011001110 1
110000000111 0
000111011111 1
110010000001 0
100111001010 1
100111110101 1
100111001000 0
001011000000 0
101010000100 0
110001010101 1
100001001000 0
111110010101 1
001110000011 0
100010100011 0
010010010101 0
001100011111 1
100110101111 1
110110000001 0
100010010100 0
101110011111 1
111000011101 1
111010101011 1
111000110111 1
101101011100 1
000110101111 1
110001010101 1
000000100110 0
110000111000 0
011010100010 0
010101111111 1
000111000100 0
011011011111 1
011001101011 1
100010100110 0
001111110000 1
000101011001 0
101101010010 1
000110100000 0
100011000011 0
110101010000 0
010011001001 0
000111001101 1
101001111110 1
111010010011 1
010110100111 1
111110001110 1
011100110100 1
001110000110 0
111001110101 1
100011101011 1
010001011001 0
101110101011 1
000000001101 0
100011010100 0
110100100110 1
100100000011 0
010111000001 0
010110100001 0
010100100110 0
011000110011 1
101101000011 1
010001101010 0
010001100011 0
111101001001 1
101101111011 1
000001111011 1
101110001001 1
100001001100 0
111001100110 1
001000110011 0
111001101101 1
101010010110 1
100011110100 1
101111110101 1
110111101010 1
011101010000 0
010001001011 0
011101001101 1
101101100101 1
000110001011 0
101011000110 1
100000010000 0
100011100110 1
100001110001 0
010100111000 0
001010001000 0
101111101000 1
011011101100 1
101111011110 1
110100111101 1
110011010110 1
011010001001 0
101000100100 0
111111001001 1
111011000000 0
010100000111 0
000100110011 0
010100010000 0
111111000010 1
001111010010 1
110011110011 1
111101001101 1
001100110101 1
000000100010 0
000100101110 0
010001110001 0
000010101111 1
100110110101 1
101110010001 1
101100100111 1
001010100000 0
110011110010 1
100111110010 1
010101001101 1
000010001100 0
011111011101 1
100110011111 1
001110101100 1
111011001110 1
101111000000 0
010001000001 0
000101001001 0
110011100000 0
010010000001 0
011001111000 1
001100000111 0
101000000110 0
101101010000 0
110011001100 1
011101100111 1
100100100101 0
000110011000 0
000111100111 1
101101100001 1
001001001110 0
101001000110 0
011100100100 0
110011010011 1
100101100001 0
100101100111 1
111001100011 1
101100001010 0
001000001011 0
110110011010 1
101100111110 1
001010011101 1
011010010100 0
101011010100 1
111110111011 1
101110100111 1
001111110001 1
010011010110 1
101011010111 1
100001101101 1
000100001100 0
111001111110 1
100001111010 1
011100101100 1
111010000010 0
001100110111 1
110111101100 1
001111011000 1
101100011111 1
111000101001 1
011100010111 1
111111000001 1
110110001010 1
010010100110 0
101000000010 0
001001101011 1
111101001010 1
111101010001 1
100011001101 1
110010011111 1
011111010100 1
001010100100 0
100111111011 1
100110111001 1
110010100111 1
111001111000 1
100101101100 1
111001011000 1
110100101001 1
001100011110 1
110111101110 1
111001001000 0
100110100001 0
010001101000 0
010001110101 1
010011000010 0
110001111000 1
111101111101 1
000110101101 1
000000000001 0
010100001100 0
001011100110 1
010000101000 0
111111110111 1
000001001101 0
110110000010 0
000001000010 0
110000111010 1
011001110011 1
000001101000 0
101110001111 1
111110111100 1
101101101110 1
111111101110 1
110100011011 1
110010010100 0
101000000010 0
100011100111 1
011111010011 1
000001010011 0
111010010101 1
011100111011 1
010101000100 0
100110001011 1
011101101100 1
011100101000 0
010001011011 1
010010100000 0
010101100111 1
110011001001 1
110000101111 1
010001101101 1
011100111011 1
001011100100 0
011110001011 1
011111101110 1
001001000110 0
000100001000 0
101010100101 1
110011011010 1
111000001101 1
100000011100 0
011011101001 1
001010010001 0
110011110000 1
101010110011 1
000010000011 0
000101000010 0
000101011000 0
000100000101 0
000000000111 0
110110001110 1
001011101111 1
110010011000 0
011001010110 1
110000010101 0
111100100011 1
010000000011 0
010000111110 1
101001101100 1
011100011010 1
010000100001 0
010100100010 0
010000111000 0
101101110100 1
100101110000 0
101101101101 1
110111011101 1
110001111101 1
100011101010 1
101011101001 1
100000000111 0
101010111000 1
001110011101 1
000001010101 0
011011110111 1
011010110011 1
001101110000 0
101011101110 1
100100111100 1
001001011000 0
011001001111 1
000001000011 0
101000101000 0
010101111110 1
111100111101 1
101111100001 1
110001110011 1
010011011000 0
111111100010 1
010000011011 0
100110101000 0
100101011001 1
001101101000 0
100011100001 0
011101010001 1
111110010010 1
010000110110 0
100011100110 1
100000000010 0
010011111111 1
101111000110 1
001011010111 1
111100010110 1
110011000100 0
101100001000 0
100001010110 0
100100111001 1
011110100010 1
111000001101 1
010010110100 0
001001011101 1
110000100001 0
011101101111 1
110111101001 1
011010011110 1
111010101010 1
101011001100 1
001010000111 0
010011100001 0
110011011110 1
101100111011 1
101110001100 1
100001101101 1
010100000000 0
010110000011 0
011111100000 1
001010101110 1
001111000100 0
101011100111 1
100010001110 0
101010001010 0
011111001010 1
011111010001 1
111100011100 1
011000111000 0
010011110100 1
010010111000 0
101011101010 1
000001111011 1
111011100100 1
101011000100 0
010010110100 0
111000100110 1
010110100010 0
101100011100 1
000000010011 0
011000001010 0
100111100001 1
001001000110 0
101010000001 0
110111111100 1
011001101101 1
101101011110 1
101100110000 0
110000000111 0
010100101100 0
011010100010 0
111111011100 1
101011100001 1
110101110001 1
111100000111 1
100001110101 1
101110011000 1
111010110101 1
111100101010 1
100101001111 1
101101111001 1
100011110101 1
001110111010 1
110101110111 1
001010100110 0
110100111000 1
000100101110 0
111101101100 1
110101000001 0
001111001010 1
010100101001 0
011100011111 1
000000111001 0
111110101000 1
101000101001 0
011001110010 1
111110111000 1
100111000011 1
010101010101 1
111100000011 1
001011101000 0
000000000101 0
011100000100 0
100110001100 0
101110100001 1
100100001101 0
001010100011 0
001111001001 1
101111000110 1
001000110100 0
001001010001 0
101001001110 1
001011000100 0
010011111111 1
011010111010 1
011101001001 1
111111001010 1
000111000010 0
110111011101 1
101100100110 1
101011101101 1
100111001100 1
000101000001 0
110001001111 1
101101011111 1
111010010100 1
100010111001 1
000110111110 1
101011101101 1
010001010000 0
000100001100 0
110011110011 1
011101001111 1
100111011101 1
011100011001 1
101110100101 1
000001111010 0
110101110100 1
111000011101 1
100110001010 0
010111001111 1
101100000110 0
111110010111 1
111100110011 1
000111100111 1
000010000000 0
111100111001 1
001001001101 0
100100100110 0
010111011111 1
011100100000 0
101010000101 0
101010000101 0
000001010111 0
001001001111 1
010000100011 0
011100100010 0
101010010111 1
101011001111 1
111001111001 1
000110011101 1
010101001001 0
000001101111 1
010101001011 1
001010100101 0
110110111011 1
110111000111 1
011100111011 1
000111010010 0
010110001010 0
010001101010 0
000010110111 1
110101011110 1
111001101000 1
000011010000 0
010100101100 0
010000011000 0
000001100100 0
100010111000 0
001111010000 0
110110100001 1
110110111010 1
000001011000 0
011110000111 1
100101011011 1
110010100010 0
110100001100 0
101111011010 1
011011100010 1
010011111100 1
111010001101 1
011111100000 1
100111101110 1
011101110101 1
011101011001 1
001110101010 1
010110110100 1
100100010001 0
100101110110 1
110100001111 1
010011011100 1
100100110000 0
101011101101 1
111111101101 1
101110111111 1
000010100101 0
110111010101 1
010110101100 1
111010000100 0
101100001111 1
001100101000 0
010111101110 1
001111001011 1
100100110101 1
011100001111 1
010100111111 1
101111100110 1
110001101101 1
010100110100 0
010010101011 1
000001101000 0
100011100110 1
001111011111 1
011100001101 1
110101010100 1
010010111100 1
010001010101 0
101110001100 1
111011110111 1
100101001000 0
111111101000 1
011010001100 0
111100001001 1
000101101010 0
001101111010 1
111011000101 1
011000110011 1
110000010111 1
111111011100 1
001100011111 1
011110011100 1
110110000010 0
111110110000 1
000011010111 1
100001111111 1
010101001001 0
110101100001 1
111110111100 1
111010001010 1
111000110011 1
110001110001 1
110111001111 1
010001011000 0
110100001100 0
111001000101 1
011001010010 0
101110101011 1
010101110100 1
101001000110 0
010011010110 1
011010110101 1
010000100000 0
000100100000 0
100000110011 0
110000010000 0
101110101101 1
011101000100 0
100110011111 1
000100000100 0
011001000100 0
011101010000 0
000010110111 1
100111010100 1
111100001111 1
111110100100 1
100010001100 0
000100111100 0
001101011000 0
001000111100 0
101000010111 1
110101110010 1
101110001011 1
110011100110 1
000111100010 0
101110011010 1
010100110111 1
001001100010 0
101000111111 1
010011101100 1
001110010001 0
111010111111 1
100110101001 1
000110000010 0
111100100011 1
111110011011 1
000101110100 0
010000011010 0
110110001000 0
000000011100 0
000101100100 0
110100000100 0
100000000001 0
010010000101 0
010110010011 1
100001000111 0
011000101000 0
100010011110 1
100100101010 0
010000010011 0
001001001101 0
111011011000 1
101011011101 1
101001101011 1
010100111010 1
101100000001 0
010000110101 0
110100000000 0
001011010000 0
011111011001 1
011001111011 1
000000111110 0
001110000101 0
110001001101 1
011001010010 0
010101011101 1
010101000000 0
010001010101 0
010111100001 1
001110000001 0
001011011011 1
000000110000 0
001010000101 0
110100100100 0
010111111100 1
101111010101 1
001010111001 1
101100100010 0
000101111101 1
100010111011 1
110111111111 1
101101110010 1
010111101000 1
011010100000 0
100010000011 0
010000100111 0
000000001001 0
101000100010 0
111011101100 1
001100100001 0
111101000111 1
001100111011 1
101111111110 1
101010110111 1
011101011111 1
101110101010 1
000101110110 1
010101110001 1
000100101010 0
010011011110 1
110000110110 1
101011110101 1
010010111000 0
010011101100 1
100001010010 0
000100110001 0
010100000110 0
011100000010 0
010100101110 1
100010111110 1
001000010100 0
010101110110 1
001011101001 1
111111000000 1
111001001100 1
110010110011 1
110110000111 1
110100101100 1
001010111110 1
011111111010 1
101000111000 0
000011111000 0
010101111111 1
011001100101 1
011100110110 1
000110000001 0
101011001011 1
000011011101 1
111100001000 0
010001101000 0
000000001101 0
010100011110 1
111100101111 1
011011110101 1
100001000010 0
001100100101 0
001001110011 1
010011110110 1
000110101010 0
100110011100 1
010100011110 1
000011001001 0
000001110100 0
101010101000 0
101100010010 0
001100111110 1
000101110011 1
111100001010 1
110000100010 0
001011011010 1
000101101010 0
100100100011 0
000001110000 0
001110010001 0
010011101100 1
111111101100 1
010001011011 1
001110110110 1
101101010111 1
011101010101 1
100101010001 0
010011001000 0
001101001011 1
001111001100 1
000100011001 0
011110010111 1
000110111010 1
001010101011 1
010101101010 1
100101000110 0
111101100100 1
010100110000 0
000010000001 0
101001110101 1
010111111000 1
111001000001 0
100000100011 0
010010000000 0
101000010011 0
111000101000 0
000100100000 0
111010010100 1
010010101010 0
101111100001 1
010111001000 0
010011001000 0
010001101100 0
000111101101 1
100111001111 1
101010010001 0
010100110011 1
011101110010 1
000101000010 0
101010011010 1
011000000111 0
000010100101 0
010001011001 0
001110100001 0
111010100100 1
110110001110 1
110011111000 1
110100110100 1
110101100011 1
000100000110 0
011111001011 1
101010100011 1
010101010000 0
110101111100 1
010101001111 1
011111011101 1
110000010101 0
001100011110 1
111101100101 1
100001011111 1
011100011001 1
111100111110 1
101010010010 0
000101001101 0
110111011001 1
011011100110 1
011111101110 1
010100110000 0
100110110010 1
011001011101 1
100011101100 1
110011101010 1
101010110011 1
010100010110 0
000000100110 0
111101110010 1
001110000000 0
001011001100 0
010001010100 0
110011010011 1
100001101000 0
001110100000 0
100001101011 1
101000111010 1
001100010100 0
011011111101 1
010101011001 1
010100111110 1
010000101111 1
011010001011 1
110010110100 1
000001011111 1
111000100010 0
101101001100 1
101101100111 1
110111010101 1
100111100110 1
111101100000 1
011001101111 1
010010110110 1
101110000100 0
000101111001 1
101110011110 1
000001100011 0
100011010110 1
111001001001 1
100101010111 1
010001110000 0
011000100101 0
010101011100 1
100011100001 0
010101101111 1
101100101001 1
010010111000 0
001100110110 1
101100011000 0
110000100011 0
001101001000 0
110111111001 1
010010001101 0
101100111011 1
011010000101 0
000101010010 0
101010110011 1
001110001110 1
001110110000 0
011110011000 1
110001100010 0
011101101100 1
101101010001 1
011010001011 1
111101000101 1
000101111000 0
010010011110 1
000101101101 1
000100010110 0
001110110111 1
011101011000 1
100100010111 1
110011001010 1
111111101001 1
101101000101 1
100001010101 0
101110010001 1
010110000001 0
101001011111 1
110111101111 1
111000010110 1
011001000010 0
010111000010 0
010110100011 1
001101100100 0
001110110110 1
111111111101 1
100010110101 1
011011010000 0
100000100011 0
011101101001 1
101101111010 1
100111010001 1
100011000110 0
111111110011 1
001000011101 0
010011010000 0
100111110000 1
111111001111 1
110011001010 1
010100101100 0
001111100110 1
110001111101 1
101101001101 1
000111010100 0
110011001111 1
010010101000 0
111101001010 1
100001111110 1
001111100010 1
101010111011 1
000110110011 1
000110010010 0
000011010100 0
100011011010 1
011011100111 1
111010000001 0
001111101001 1
100101010010 0
110001000111 1
100000001000 0
001001111011 1
011000100000 0
010001000110 0
001111101111 1
100110111001 1
101011111001 1
010100101100 0
101101011110 1
000110101011 1
010111000111 1
101110100001 1
110101100011 1
010111100001 1
100000100111 0
101010011011 1
111101010011 1
010000100011 0
110111000101 1
000100100010 0
110011101101 1
110101010001 1
011101110011 1
010010011010 0
100101010010 0
111110001000 1
000100111101 1
011110101101 1
011011000011 1
010100010011 0
101100000101 0
111101010010 1
100101011000 0
000010110000 0
010001100110 0
010011001011 1
000011010101 0
100010100010 0
000110100000 0
111001011010 1
010100110010 0
101001110011 1
001011101111 1
001011000010 0
110100001111 1
001101011000 0
110100111110 1
000100011101 0
001001001001 0
010110110010 1
011001100000 0
001101000110 0
111110011010 1
101000111000 0
000011110011 1
011100101111 1
111001010001 1
001110100001 0
101000011001 0
001001000001 0
111001010010 1
001000111110 1
001101010111 1
111000110101 1
100100100111 1
010001111100 1
011101100000 0
001101001010 0
011100011011 1
000011011001 0
100010100101 0
100011011110 1
001100000101 0
101011010001 1
101010111011 1
001000100000 0
110000001110 0
011111110011 1
101110011100 1
111010110101 1
010101100101 1
101011010000 0
110110000001 0
100101010101 1
000000001110 0
101011110101 1
011010110110 1
111110000110 1
110100010110 1
001010000101 0
000100111001 0
011101011010 1
111110000110 1
110101010100 1
111100011011 1
010110110111 1
111101011010 1
110110000100 0
001111100000 0
100010011001 0
100110110000 0
010010111110 1
011001100000 0
011000011000 0
011110000110 1
000001001001 0
011001011111 1
011001000010 0
100100110000 0
000000111011 0
100100101000 0
000011000101 0
010111001000 0
100110111111 1
101001000010 0
010111011100 1
100101000000 0
000001111010 0
110000111000 0
101000011100 0
000010011011 0
000111001011 1
000011110010 0
101000010101 0
001001001100 0
000001001001 0
110101111000 1
100100010010 0
011010010011 1
001011100101 1
010110011011 1
001010000100 0
111010111111 1
001100000011 0
011001000101 0
001111101101 1
100100000000 0
110101101100 1
101010101000 0
000100010001 0
011001001110 1
010101111000 1
100010011000 0
000110011001 0
000100101100 0
110110100110 1
000001111000 0
010001101000 0
101100111000 1
110010110110 1
010000011110 0
001100000011 0
100111110011 1
101011101101 1
101111011110 1
100010100101 0
111100100000 0
101000000100 0
111101111110 1
100111111010 1
010000010101 0
110000110010 0
011111111010 1
010011100001 0
111000111001 1
110101110010 1
100010001010 0
001101011101 1
011101011001 1
010110010110 1
001111001001 1
010111110101 1
111001001010 1
010101010101 1
111101000111 1
100111111111 1
110101011010 1
110010001001 0
000110011010 0
000101000111 0
101101110000 1
111010110010 1
100001011011 1
001110110110 1
100101000010 0
100001011000 0
010110100000 0
010001100001 0
100000011001 0
110110111010 1
101001111010 1
011111100100 1
100100111100 1
100110110001 1
101000111000 0
101111100011 1
000111010111 1
100001111101 1
001110101010 1
100101110001 1
100001000110 0
100101001010 0
101111110010 1
001001110011 1
011001001001 0
100100111110 1
101011110000 1
111110111011 1
001000010001 0
101111001000 1
000010001000 0
001001000000 0
100110100010 0
000100001000 0
110110011110 1
101110011111 1
000010100001 0
000101100000 0
101101101100 1
001111111011 1
111100101110 1
011100000011 0
001110111001 1
100010100111 1
011101001011 1
011110100010 1
101011110110 1
101010011100 1
110110100101 1
000110010110 0
010010110101 1
111101011110 1
111100111010 1
001000100011 0
010101110010 1
100010010001 0
110010101111 1
000110001010 0
011010101010 1
111010110001 1
011011110010 1
001000001100 0
011100111101 1
001101100001 0
100010000011 0
111000111001 1
010101010111 1
110001001011 1
011000001110 0
001011110110 1
010000110011 0
011111010011 1
011010111011 1
000010011100 0
100001001000 0
001100001111 1
010111100100 1
000111110001 1
110000100001 0
101110111001 1
010110111110 1
000101001010 0
001011111000 1
010101011111 1
010010001101 0
111011010111 1
100000100000 0
011100001001 0
011111101000 1
011001001110 1
000111000011 0
100011010010 0
110101000111 1
001111101010 1
100101010000 0
101001110001 1
100011010010 0
011001010111 1
010010100100 0
110010111100 1
010001111101 1
101110010100 1
111100111010 1
010111000011 1
001111001001 1
100110100011 1
011000111101 1
001100110111 1
100111101111 1
011000110000 0
001000011100 0
110111000100 1
100011101101 1
110000011110 1
001111000110 1
010001011010 0
000001100001 0
010111001000 0
000000111010 0
100101100011 1
100110111110 1
011011011100 1
011011100111 1
000110101010 0
110000001100 0
110011110111 1
010101001111 1
111000010010 0
110011010011 1
011010010010 0
000010110010 0
100011010110 1
010110000100 0
100001011001 0
001111111000 1
011010100011 1
110100001010 0
110100111000 1
001100110100 0
100100010001 0
101101001001 1
001101111010 1
101001111100 1
011011000100 0
110000110001 0
011011111111 1
011000010110 0
001100010001 0
010001111001 1
001101111100 1
001001000001 0
100010110000 0
100001000111 0
100100001100 0
101000011101 1
000010001001 0
111100110000 1
011001001011 1
001010111000 0
011100100100 0
000110011101 1
101001011101 1
001101101100 1
100010010111 1
010011001101 1
001000110010 0
011001111001 1
011000101101 1
111000110011 1
011010000000 0
011000110001 0
101011110100 1
100101101010 1
100000000111 0
011110110111 1
101110010011 1
010111011010 1
111001101010 1
101011001101 1
010110001101 1
110100110111 1
000110010000 0
100010111000 0
010101110001 1
011111110110 1
001000000110 0
110101011110 1
110101110001 1
100010100111 1
011011011011 1
110111011101 1
000111001011 1
000000000011 0
110001110000 0
001011110000 0
011000010000 0
101111101010 1
111010001011 1
100111111011 1
010011001101 1
011000001100 0
101111110101 1
110011111011 1
111010000010 0
001101011110 1
000101101101 1
110000111111 1
110001101000 0
010110000111 1
000101010100 0
010100000011 0
010111110100 1
101100001101 1
000100101110 0
010010011011 1
110011101010 1
000110011001 0
000011001000 0
011100100110 1
100110000110 0
101101011100 1
010100010111 1
101000100010 0
011001001000 0
001100000101 0
001101000001 0
001101111001 1
001111111111 1
110001100101 1
001111010101 1
011001000011 0
000010011100 0
001111101110 1
111010011011 1
000000101100 0
100111000101 1
111001101100 1
111101001010 1
110110111110 1
100000100000 0
001010111111 1
000010000100 0
000011010001 0
100110011001 1
000110000001 0
100100010011 0
011100011100 1
000101011111 1
000100001000 0
000001001000 0
111011110101 1
110111000011 1
000100110011 0
101011000101 1
111101101110 1
011000011100 0
110101110001 1
100000000101 0
101101001001 1
010111001010 1
110001000101 0
100100010100 0
000101000000 0
101110111110 1
100101101010 1
001011010101 1
001001011111 1
010101000010 0
100010110001 0
111111001101 1
000100111111 1
111001100011 1
111111001111 1
101101001111 1
000101001101 0
011000010001 0
011110111101 1
110101110010 1
010011101111 1
001110000001 0
011100101101 1
101000111001 1
010010110101 1
001111010000 0
010101110110 1
001101100011 1
010000100110 0
011001011101 1
100001110111 1
100111111000 1
001111101111 1
101100001111 1
101001010001 0
011110100100 1
110100111001 1
110001100011 1
110011011100 1
001000101001 0
101111111110 1
011110111011 1
101100101000 0
101100011001 1
001100010011 0
011000010010 0
000000000000 0
101000010100 0
111101000010 1
000011010001 0
111110001011 1
110101010010 1
010101101001 1
110100111010 1
000110101001 0
000100001001 0
110010110010 1
110011110011 1
110111110000 1
101011001000 0
000100110011 0
111110110000 1
000101100100 0
111010101111 1
010000110000 0
010110000110 0
011101001000 0
010000100010 0
111000111011 1
110010000001 0
010011001010 0
110110111111 1
011100000111 1
110101000000 0
010001000001 0
000001111001 0
000011000011 0
100011110111 1
000010110010 0
101111101101 1
101010001000 0
100100101111 1
110011110011 1
111011000001 1
011010011010 1
101111101011 1
111111010001 1
110000111101 1
101100000100 0
000001000001 0
100000101011 0
101100100000 0
100011011010 1
001001110110 1
111010100101 1
101101111000 1
111110110100 1
010011011011 1
000100001100 0
001100101100 0
001101100111 1
100100010010 0
101111011001 1
111000000101 0
000001110100 0
100010010001 0
110100100000 0
110110101101 1
