101110101010 1
010001000011 0
111101000110 1
000010011100 0
110110000111 1
010011011010 1
100101010011 1
110110000101 1
011011010001 1
110110101010 1
010101001100 0
000100000001 0
011001001000 0
100000010010 0
001110011011 1
001000100011 0
111000000101 0
011111011111 1
011101111111 1
111101000100 1
010101110010 1
101111110100 1
001000001101 0
110100101110 1
111000111111 1
101110011001 1
110111010010 1
100100000000 0
111100110011 1
010000110000 0
000100001110 0
011000100111 1
101011100011 1
101001111110 1
100110000010 0
011001111011 1
101000101100 0
000111010111 1
010111100101 1
000111100100 0
111000100010 0
101011111000 1
010010111101 1
100110000011 0
101001100010 0
010001111100 1
110111110001 1
100000110101 0
011001110100 1
000101111111 1
110101101100 1
111001011000 1
111100000011 1
001010001001 0
001001000001 0
101110100110 1
111000011101 1
100010011101 1
000011011011 1
100110101000 0
010101100010 0
110000100101 0
111011001101 1
010111010000 0
101101000001 0
111011101101 1
000000111000 0
000010101111 1
111100001111 1
011111110110 1
101110000111 1
110000001000 0
010001000110 0
000011001000 0
110010100001 0
011111111000 1
110100111111 1
110001011000 0
111101110111 1
101101111101 1
010101001000 0
100000101011 0
111000001110 1
111001011111 1
111111111010 1
100000010000 0
010101101000 0
100000011001 0
110001111111 1
000111010110 1
110111010001 1
111101001100 1
110001001011 1
101010010001 0
110010001110 1
101100010110 1
000001001101 0
001111111111 1
000100110001 0
011001010110 1
100100100110 0
000011111110 1
001110010111 1
010111010110 1
100001001000 0
100101101000 0
101111110111 1
111010101111 1
100000010010 0
100100000101 0
101011111100 1
000000101101 0
000101010010 0
000000001101 0
101110000111 1
110111110110 1
011000011100 0
110001011111 1
111000110000 0
110111110110 1
100101011000 0
011110101111 1
100111001111 1
100100110101 1
011101110010 1
011101111110 1
000111000001 0
001010011010 0
111001111100 1
000011010001 0
011000000000 0
000100110101 0
110111100110 1
101000110101 1
101000000110 0
000101001111 1
111000001100 0
001011011010 1
001111111010 1
111111110001 1
111011110010 1
011010010111 1
110101010100 1
001011100011 1
000111110011 1
001111000101 1
000011111100 1
000010111110 1
100110010111 1
000110110101 1
001100001011 0
001101100011 1
010110100100 0
101100100101 1
110000100011 0
111100100110 1
100100000100 0
000011111111 1
111110001100 1
100100111100 1
100100011110 1
101101111010 1
111010110111 1
110001011011 1
000001111111 1
111001001111 1
001010110100 0
000011101000 0
001101000101 0
110110000000 0
101001100100 0
001011000100 0
011000010011 0
001110111011 1
011110111100 1
000001000110 0
010110110110 1
101100111001 1
110011111010 1
100111111001 1
100111110101 1
011011111010 1
000111010110 1
010111110000 1
111001001100 1
111000000110 0
100000110001 0
011000001010 0
010011100110 1
010011000110 0
100000001000 0
101000100111 1
001001000000 0
001011100010 0
111011000000 0
111111011010 1
110000110111 1
100100111000 0
000110111001 1
010010001110 0
110001110001 1
010111011100 1
100011000111 1
100001001101 0
010010011011 1
011100110001 1
000011111000 0
000001010001 0
001000010001 0
110110100001 1
011100100110 1
010110001101 1
000101010010 0
000001011100 0
110100011011 1
110100101111 1
001100110101 1
001101010000 0
010011101011 1
001100010001 0
100110110000 0
100000100011 0
011000011000 0
001100001001 0
101001110011 1
000110101110 1
010010001110 0
000100010001 0
011110110011 1
100011000111 1
101010001111 1
000010101101 0
010000100000 0
101110011000 1
111111010101 1
000100110010 0
111100000001 0
100001101111 1
000000001100 0
100100110100 0
011001010111 1
110010101010 1
010010100001 0
110010100100 0
111010100001 1
001100100100 0
001001011111 1
111001110111 1
101010010010 0
110001110110 1
001000011000 0
111011101000 1
101010001101 1
100000111110 1
110110100110 1
100011110111 1
001100000010 0
111110011110 1
011000011101 1
000010010110 0
101101011000 1
011101010100 1
101110010101 1
000001001001 0
011010011111 1
111100001011 1
000011000010 0
101111110110 1
011000011010 0
100101100111 1
101011101001 1
010001111101 1
001101111111 1
010111001001 1
111110100000 1
111011011101 1
100011100111 1
101000110000 0
000111111111 1
101001010100 0
101001110111 1
100001110000 0
110010100011 1
001110100100 0
100000010011 0
110011000000 0
001100110111 1
000111001101 1
001001111111 1
100110100111 1
011111011101 1
010100101010 0
100100011100 0
111111111101 1
000111000010 0
011001101001 1
001010100101 0
010101000000 0
010010111111 1
011101110010 1
010100100001 0
000001101111 1
011001110100 1
100001000010 0
101110110110 1
011111111100 1
001001110001 0
011001110100 1
011000110111 1
110101011100 1
001111000010 0
001001011111 1
101100110011 1
100010100110 0
100000101011 0
110100010010 0
011001101101 1
000101110011 1
011011100011 1
011010100100 0
001000100011 0
110101110100 1
100011100100 0
110101111000 1
010000011100 0
100001000010 0
110111110001 1
100110111100 1
011110101111 1
001000111011 1
100110011111 1
001000001010 0
010101010101 1
000110111101 1
110101011111 1
111111111010 1
111010011100 1
010110101110 1
110110000110 1
110111100101 1
000011101101 1
010101101010 1
101010011011 1
101110100010 1
011100000001 0
110011111101 1
110100010101 1
111011011000 1
110000110100 0
101100000011 0
011110001101 1
101001110001 1
000010000101 0
100111001111 1
100011111000 1
111010000010 0
010100111001 1
111010110111 1
010010010010 0
011100110100 1
110010101111 1
110100000110 0
001101000111 1
100000101000 0
111101111101 1
000111000110 0
111011011000 1
100100110110 1
010011001100 0
111011110011 1
111010110011 1
011101100000 0
110001000010 0
110110111101 1
001011000101 0
011000111110 1
101000011001 0
110101011110 1
110111101010 1
001110011110 1
101100010110 1
010010000100 0
011101111001 1
011111000110 1
011110110010 1
100110101111 1
000010100000 0
000101000000 0
001000010010 0
000111100111 1
101111010110 1
110010001110 1
110010011101 1
001110011100 1
111100110100 1
101010110111 1
100010101110 1
101100001000 0
010100110001 0
001110001101 1
111111101011 1
000010100011 0
000001111010 0
010010000010 0
111101100110 1
000100010101 0
110111000010 1
001011101101 1
010100000001 0
011110001110 1
100100110000 0
011001000101 0
011001001011 1
111111010010 1
111001110000 1
100010101000 0
011101110000 1
100100111101 1
010110100111 1
000100011110 0
111101110011 1
101001000111 1
000010000001 0
110111001010 1
000100111110 1
011000101010 0
101000010111 1
110101101011 1
100111111000 1
011001100100 0
111001110110 1
001011100010 0
111111001001 1
000010101111 1
000101011010 0
001011101011 1
101110001100 1
101111001111 1
101011010010 1
100100110000 0
000010001011 0
011100000101 0
101111010101 1
110010011000 0
010110011110 1
100011010110 1
011001111110 1
110111000001 1
011010111101 1
001011101101 1
011011110010 1
010110101110 1
010110001010 0
101000001001 0
011000010111 1
110011010101 1
110101101010 1
100111100000 0
111101001011 1
000010011101 0
101000100110 0
010101000010 0
101011111010 1
001100101110 1
100100010000 0
000111010101 1
100101011011 1
010100100100 0
011100011111 1
000100010100 0
000100000001 0
101101011111 1
000101110101 1
100110100100 0
110000011101 1
101001010000 0
000111010001 0
000110010101 0
000000111111 1
011110100101 1
000110101001 0
100011101111 1
011011011001 1
000010000100 0
110101110111 1
101111000010 1
010000101100 0
000101101100 0
100101001101 1
110110011000 1
100110101111 1
100111101011 1
001101101000 0
110000001000 0
010010100010 0
110110101000 1
100111101000 1
100111011011 1
000010010010 0
100100011110 1
111111110100 1
001110111000 1
111111110111 1
111000100000 0
110011000110 1
100000101011 0
001010101101 1
011000101001 0
110011011111 1
011110000110 1
110001011011 1
101001011001 1
001001000110 0
011100100001 0
100100110101 1
011011010101 1
110010100000 0
110011000100 0
111100010000 0
111110101111 1
000001010101 0
011101100010 1
111101010101 1
100011001000 0
101011100101 1
111100010110 1
111001110001 1
010101100010 0
011011111010 1
001100001101 0
011010010110 1
111000010111 1
010011011001 1
001010010110 0
111111010101 1
100000110010 0
110010111100 1
110011110101 1
010010010011 0
111101101011 1
010001100001 0
110001111000 1
100001101101 1
001011100001 0
000011010110 0
100001101000 0
011111101100 1
101101010010 1
000010110011 0
010100110000 0
100001011101 1
110001000100 0
000001000110 0
100010000110 0
100000110100 0
001010101111 1
000100111001 0
111000111011 1
101011000000 0
000000000101 0
111111010110 1
111100101111 1
001111010001 1
011000000001 0
000100010110 0
010101011101 1
101001100001 0
101011110100 1
101101010110 1
000111100100 0
110111011100 1
110101001011 1
010111000000 0
000001000010 0
101011001100 1
010000111001 0
010001000101 0
000011100011 0
110100010010 0
110110010110 1
111010000101 1
101000000010 0
011110111100 1
110000000001 0
111101000000 0
000101100011 0
001111010010 1
111110001011 1
010010010111 1
010100110101 1
100111000100 0
101110011110 1
010010010100 0
110001000110 0
010111000000 0
101010011001 1
111001101010 1
110110000010 0
111000011111 1
110111100011 1
100111011110 1
101001000011 0
100100001111 1
101000111010 1
010001010100 0
000001101000 0
110111011011 1
100010001010 0
010010001001 0
011010000000 0
101010110000 0
100001110001 0
000001001001 0
101101100111 1
011011000111 1
101011110011 1
100000111100 0
011111101111 1
110101110010 1
010000000101 0
100101000001 0
000100000110 0
111001110100 1
001100100011 0
111000100001 0
101010101111 1
111111110110 1
101100000101 0
001101001111 1
111100000000 0
000010010000 0
111111110111 1
110011101001 1
001000110101 0
000110010101 0
110001100011 1
111001000111 1
000110010001 0
010010101010 0
000011000101 0
010101000101 0
100100101000 0
110000101100 0
010011011100 1
100010010000 0
111111011100 1
110010110000 0
100001011101 1
010001100100 0
000001111001 0
010100000000 0
000100001011 0
100000010100 0
110001001000 0
110011111100 1
110110110001 1
001000000000 0
010100010100 0
100010110001 0
101011000011 1
001111101010 1
101000101011 1
111010001100 1
110011100000 0
001111110101 1
001111001010 1
111010111011 1
000100100011 0
010100000111 0
111110101101 1
111010100111 1
001110000000 0
011011001010 1
011001110111 1
000001000100 0
110100011001 1
110011110100 1
101011111111 1
000000100001 0
101110111111 1
011101011000 1
001000001101 0
111111011111 1
001000110111 1
010110101101 1
000011100010 0
001100111101 1
000101101101 1
110101100011 1
101010111000 1
010101011010 1
001111000011 1
110010001000 0
100100101110 1
010111011011 1
100001101110 1
110101110100 1
000100111101 1
011001011110 1
000011011110 1
110000111001 1
011111011010 1
011101110111 1
000010011101 0
000100011110 0
001111011101 1
010100011010 0
100011001111 1
000000110110 0
111010110101 1
100100101101 1
101110110100 1
000101100011 0
101110110100 1
011110010001 1
101010000110 0
011000100101 0
111110100010 1
001000110100 0
111100101000 1
010111111111 1
101010010001 0
000001000111 0
100000101101 0
100100110100 0
010111000001 0
001100101101 1
110010100001 0
101100011000 0
011101010010 1
000000000110 0
001110001100 0
001100001000 0
111111110001 1
000111101111 1
011001011111 1
011001001010 0
101111010110 1
010000000011 0
000110000010 0
101100010010 0
000011101101 1
110100110100 1
110110100110 1
110100100001 0
110100010000 0
111100000011 1
000111110111 1
100000001101 0
000101110101 1
101000100011 0
011101000101 1
001010110110 1
111001000101 1
010010001010 0
111010001111 1
010100000100 0
111101000010 1
111100010010 1
101111101001 1
110001111110 1
001111111100 1
001000011110 0
100110001011 1
101100010111 1
101011010011 1
001111100110 1
110111000111 1
001010010101 0
001111101110 1
000111010100 0
110011011011 1
001001100001 0
110010101011 1
000000010101 0
001100101100 0
110001111010 1
001001011101 1
111000110101 1
001110111001 1
100011111111 1
010000100100 0
010111101101 1
101000011000 0
100101110101 1
000001011010 0
000010100000 0
100011011011 1
000010001100 0
110011011111 1
011010000000 0
000010010100 0
111100001111 1
110100000111 1
101111001010 1
110100100111 1
011010001101 1
101011110100 1
000111110101 1
111101011100 1
010010111011 1
001001100110 0
111001110101 1
011001001111 1
010111001010 1
110011011010 1
111011111101 1
100101100010 0
010011111010 1
110100001101 1
010110100101 1
010010101111 1
100111110100 1
101110010110 1
010110100101 1
000101010101 0
100011010100 0
111010000110 1
111000011110 1
111011010110 1
110001100011 1
001011111010 1
101011100101 1
011010101000 0
000000100110 0
011010000101 0
101000010111 1
110000110100 0
111001010101 1
001000010100 0
011100001110 1
100101010100 0
000011010100 0
111001001011 1
110001111011 1
001011101110 1
110001010011 1
101100010111 1
001111011010 1
010100011100 0
110111001001 1
001000101010 0
010110001010 0
111010000011 1
101111110010 1
100100011111 1
100001110110 1
111001110111 1
111101101101 1
111010111010 1
111000010101 1
010011000100 0
001001011010 0
001011101000 0
001010001100 0
000101010101 0
101010000000 0
100100100011 0
100011010101 1
101100100101 1
001000001100 0
101001000000 0
011110110001 1
101101011001 1
001111110010 1
000000110011 0
000010010000 0
110100101011 1
000001100111 0
110001011000 0
010010111100 1
110101000101 1
001000111010 0
010110111011 1
110000001101 0
010000100101 0
101000110100 0
111111001100 1
001001001100 0
100000100111 0
011010111010 1
111000110100 1
101101100000 0
111010010101 1
110000010101 0
001100010010 0
000101010010 0
111000110010 1
110111000110 1
111101010110 1
001111101010 1
101010000100 0
010001110001 0
010101101001 1
110100111010 1
001000001010 0
111011000000 0
110010011001 1
001011100111 1
100111101011 1
010111100100 1
111001011001 1
101100111011 1
001001000100 0
010011100010 0
000110010101 0
000111100011 1
001001001111 1
110101011100 1
000110001100 0
000111101110 1
110011110101 1
110111001100 1
110010110101 1
000100101010 0
111000101110 1
010101010101 1
000010111110 1
110111100011 1
010011000010 0
000101101100 0
011111111110 1
000011000000 0
111111100111 1
010011110110 1
010100110001 0
101110110000 1
001100101000 0
111110001000 1
010100000000 0
111101010001 1
001001110110 1
000111110011 1
101001000101 0
111111001111 1
111111100111 1
100010010100 0
010111101001 1
000001111010 0
100110110101 1
000001011000 0
111011101010 1
101000111000 0
011101000011 1
001011111101 1
110110000111 1
001001001110 0
110011010010 1
010010010111 1
101101111001 1
000001010011 0
111101001111 1
010010001111 1
000101001100 0
010010011101 1
100000111011 1
010111111001 1
111000100110 1
010111100110 1
100011010001 0
110110010111 1
101110010110 1
011011111010 1
100010010000 0
010011001101 1
001100010110 0
101111010111 1
010110111100 1
111011101110 1
100100011000 0
111011011100 1
010100100111 1
101001111000 1
000111101110 1
010011110001 1
111000010110 1
100010110010 0
000000011111 0
001011111010 1
100010000000 0
101100001100 0
011101000011 1
011001001110 1
011010011001 1
111000001110 1
011100101110 1
011100111110 1
001010110100 0
110011111001 1
101000010100 0
001000001000 0
001111111101 1
111010100100 1
000110111010 1
110000011100 0
110100001000 0
011010001010 0
100000101110 0
100100101001 0
001010110010 0
011111101110 1
100011011110 1
100000101000 0
011001000100 0
100000000000 0
000111100101 1
110111000000 0
010010000011 0
010101101000 0
110110101000 1
100101000101 0
011100001110 1
011111000111 1
010010100111 1
100111001100 1
101010111011 1
000100100110 0
000100000010 0
101011100010 1
011101000001 0
010001110010 0
110011110100 1
001101010001 0
100011100100 0
011110011111 1
001000100101 0
011100011101 1
010110000101 0
001011111100 1
110011001001 1
100101101101 1
011001100111 1
101000001110 0
001100101100 0
101101001110 1
000001110101 0
110011111100 1
110111110001 1
111110001111 1
001110001100 0
110010100110 1
001101111100 1
000011000000 0
100101001000 0
001011111010 1
010101011001 1
101011001010 1
000011011101 1
011011111111 1
001001011001 0
110110100010 1
011101011101 1
000000100011 0
110110100011 1
110000010110 0
001000111100 0
010101101101 1
011011011111 1
010110110110 1
011001110010 1
100101000010 0
001100011010 0
101000011011 1
110101000010 0
000110010101 0
111100001101 1
100101011110 1
101011100001 1
000100010111 0
110000100101 0
001100010110 0
110011111010 1
100010110000 0
010101101010 1
100110110001 1
101110000110 1
100001110100 0
001111110011 1
100001100000 0
111010111111 1
100111100111 1
101011000000 0
110000100100 0
110000101111 1
010000111011 1
010000001011 0
001010111011 1
001111101010 1
110110111110 1
100111000110 1
101100111011 1
011111000101 1
111111011111 1
110101000010 0
110101010001 1
101110010110 1
001001111100 1
011101001011 1
111100101001 1
100100011101 1
111001010000 0
011011110111 1
101100010110 1
101011100001 1
011110001101 1
111001101011 1
001011010101 1
001000111001 0
110001111101 1
100110011101 1
110010011111 1
000000010001 0
001011001100 0
010000010101 0
101111100101 1
110101000101 1
011111110011 1
111100010010 1
011010011001 1
111111011111 1
110000000101 0
100100010000 0
011101011101 1
100010110001 0
001010000100 0
101001000100 0
010111100100 1
101001110000 0
100111000101 1
000110101001 0
001011011111 1
011000001011 0
101010100110 1
000111001001 0
010000100100 0
110111001100 1
101101011101 1
011010000100 0
000111011101 1
001010010011 0
010000100111 0
000000110000 0
101100010110 1
000011001010 0
111100010000 0
110001011111 1
111010010111 1
010110011010 1
011000010111 1
101010100100 0
011000010000 0
101100000000 0
011010000010 0
010101011010 1
100000010110 0
011001000101 0
001110011011 1
101011110110 1
000010011100 0
111010010001 1
101101110001 1
011101101010 1
001111100110 1
111101000100 1
000110110011 1
111111100000 1
111010000111 1
101001100010 0
001101011100 1
101100010101 1
000101101100 0
100110110100 1
100011110100 1
001010111011 1
000010001100 0
011111100000 1
110100101110 1
001000001100 0
111101011110 1
000000111101 0
101111000110 1
100000010010 0
010100111011 1
000000001100 0
100111011000 1
000101011010 0
000111100011 1
110011011000 1
000101010101 0
001111001011 1
011110001101 1
010011110000 0
101010001101 1
011010110001 1
101001110111 1
111001100011 1
000110000001 0
110011111111 1
100000011101 0
010111011101 1
101001011101 1
010010111110 1
100110110011 1
000011100110 0
100011100101 1
111010001000 0
011010000101 0
011101101111 1
000110001000 0
101101110111 1
001000000111 0
101000000001 0
110100010111 1
000010001100 0
011100001110 1
010000111010 0
011101010000 0
000111011010 1
001010110010 0
011100010111 1
101010111110 1
111101000000 0
100110011011 1
001010011000 0
000010111010 0
010110110110 1
001000101011 0
010111010100 1
100010101000 0
011110111000 1
110110111011 1
000000110010 0
110111111111 1
001000000110 0
100111111100 1
011000011110 1
111110101100 1
111111101110 1
010010111101 1
001010001001 0
100010011100 0
111010101011 1
110000011001 0
011000100101 0
111100011001 1
111101000101 1
000000010100 0
001101100000 0
111010100100 1
101011110101 1
001110010011 1
110110000111 1
110101011110 1
110101001100 1
010010101001 0
101101101011 1
010011011101 1
101100111001 1
011000110101 1
100001111100 1
100010110000 0
011010011011 1
011100101111 1
101100101101 1
101101001100 1
000110101010 0
011001101100 1
100111100101 1
001011100010 0
000010001101 0
111011000011 1
111110110110 1
011111000110 1
110011110000 1
001111010100 1
110011100011 1
010011010000 0
000101111101 1
011111010010 1
000001000100 0
000110011111 1
100110010000 0
100100000100 0
100101100000 0
010001100110 0
001000100000 0
001101000111 1
011010011111 1
111101000011 1
110110010111 1
111001000101 1
010111011110 1
100011100001 0
011111101110 1
000111010011 1
000011111011 1
101110001000 0
000101101011 1
000001110111 1
100111100000 0
101011111011 1
011100101111 1
000100010100 0
101001110111 1
010011001111 1
100101010000 0
101001010011 1
000011001110 0
101000011101 1
011100001010 0
100110101111 1
010010101001 0
100000011000 0
000100000010 0
001101010000 0
010101011101 1
001110110101 1
001111011010 1
000001000001 0
100010100011 0
011000100001 0
000011110010 0
101100011101 1
001011010001 0
111011110010 1
000101000000 0
001110110111 1
111111110000 1
111001101011 1
001100100100 0
010000000111 0
111001010001 1
101011010010 1
011010111000 1
110100000101 0
000111000011 0
000111000100 0
010100001101 0
000110001000 0
101111011111 1
111101110100 1
111101011100 1
111010001000 0
100000010111 0
111010000011 1
101110100101 1
010010011011 1
110111010100 1
001111110000 1
010100010101 0
000110011001 0
000100110110 0
000010010000 0
111111111001 1
011111100110 1
010101011011 1
011011100110 1
010010111101 1
010100101000 0
100101001011 1
110101111110 1
111100000000 0
001011001000 0
101101111010 1
001000010100 0
100010010101 0
101110011001 1
000000000000 0
101000010000 0
101010001100 0
111000010001 0
100111000101 1
111001000100 0
100100011101 1
011101110000 1
101011111001 1
011001001011 1
111110100000 1
001011110110 1
010111110011 1
000000011100 0
010110001001 0
011011110101 1
101110010000 0
010110101011 1
000010110101 0
010111010010 1
001001111010 1
111000110101 1
101000110010 0
101100010110 1
011001110000 0
110000101000 0
111111011100 1
010100001011 0
110010000000 0
000100100011 0
111111011011 1
001101100010 0
100010110101 1
000110101000 0
100010110111 1
100001100000 0
010000101100 0
100010100010 0
111111010011 1
000010101101 0
000110111100 1
110111100010 1
001111111011 1
100011100011 1
111110000110 1
111001101010 1
000011100010 0
101010011000 0
010010000001 0
001011110011 1
110100010100 0
000110110111 1
100110101110 1
111100001100 1
111011100000 1
110011101010 1
001100000100 0
100100000110 0
000011111011 1
011010110011 1
110001001101 1
001110011101 1
111100000010 0
001101110011 1
111101011010 1
011010100101 1
000011000101 0
100011001001 0
110010001110 1
111101101010 1
111011110110 1
100111000000 0
101010100110 1
100101000001 0
000011100010 0
110010101101 1
101000001001 0
000111110010 1
011110010100 1
110000010111 1
011101001001 1
000001100101 0
001000001000 0
000001100010 0
110011011110 1
101011001110 1
011111100010 1
101101111100 1
110000111010 1
101111000110 1
001101101000 0
111010111011 1
110011111000 1
101010101010 1
001001011101 1
101000011010 0
000101001111 1
000011011100 0
111100100101 1
110011100100 1
101100001010 0
011010000100 0
011110001111 1
100000001110 0
111111000011 1
101100110111 1
011101100000 0
011010110000 0
111101001010 1
010100000001 0
011001001000 0
110101011110 1
110101001100 1
011000000001 0
011001001011 1
111100001011 1
111011001111 1
010011100110 1
010110111001 1
101100100111 1
110100110010 1
111101100100 1
001010011111 1
011001110100 1
111101110001 1
010001000011 0
100101010111 1
001001101001 0
001110011001 1
000110011111 1
100100000110 0
111011011010 1
101111100110 1
100110110010 1
010110110011 1
110001011000 0
010110100010 0
101110000111 1
110010101100 1
111000110011 1
000001001001 0
001001010111 1
001001110001 0
001001010010 0
111000110110 1
001110101101 1
011000000101 0
011100100100 0
010100001111 1
010101000011 0
000011101010 0
000101001011 0
110101111011 1
001001011010 0
101011011010 1
010100010100 0
001100110100 0
010110100011 1
011101001111 1
000010010000 0
100010000100 0
111111111111 1
101111010011 1
000000001011 0
100110010110 1
111100000011 1
010000011001 0
100011110001 1
000011000001 0
111100000011 1
101000000001 0
000101000011 0
011101011111 1
001010100100 0
000111100001 0
100001011110 1
010110100111 1
100101010001 0
110001101110 1
001000111010 0
101001011110 1
111011011100 1
100110110101 1
111100011011 1
101001100011 1
000111000000 0
111111111101 1
011100001000 0
011001000101 0
010001111011 1
101000101011 1
111111101111 1
001110000000 0
000111000110 0
011101000000 0
111111110110 1
011001111011 1
110101001101 1
001000011100 0
111101010011 1
000100101101 0
100010001001 0
011000001110 0
110011000001 0
110100010101 1
000011011101 1
000100100101 0
010100010111 1
100001001001 0
001101001110 1
001111101011 1
100000001100 0
111000010000 0
110101100111 1
011110101110 1
110001111100 1
010101001111 1
000100001100 0
100101010100 0
101110000101 1
111000100101 1
000100100010 0
101110100011 1
011010000110 0
010110000101 0
001100100101 0
001000011101 0
110010100010 0
111100000111 1
010100111001 1
011010111001 1
000001011011 0
000100000111 0
000101010110 0
010101001110 1
100000001111 0
110010110001 1
110101110011 1
001001000100 0
110101011000 1
000000100010 0
111110000011 1
101011100110 1
000001000010 0
010011110101 1
111010001100 1
101111011100 1
101001011110 1
111111010100 1
011011001110 1
100111101100 1
000110111011 1
011111101001 1
011010110000 0
000010110110 0
000101101011 1
100110100010 0
111110100011 1
011000001101 0
000010001100 0
011110110010 1
000011001101 0
010101001110 1
011110100101 1
101011111101 1
101100010011 1
010110001010 0
010001010100 0
110010011011 1
101011000111 1
101100101111 1
110010100101 1
011100101010 1
000110001010 0
000110111001 1
100100111000 0
010001100101 0
101110011000 1
110100000000 0
000110111011 1
100100111001 1
010111101110 1
100110011001 1
010001010011 0
000100110101 0
010001101110 1
110010000101 0
111100100111 1
111000001011 1
010010100111 1
100111111010 1
001001000110 0
001010100001 0
111000010001 0
011110100010 1
100110101010 1
010101011100 1
010101111010 1
100101100000 0
001111110111 1
111000001000 0
001001011100 0
000100001001 0
101110100010 1
001110010110 1
011100100111 1
001001010100 0
001100010110 0
011010000111 1
100100110011 1
100010111111 1
101011101000 1
001100101100 0
101000110111 1
110010011011 1
010111000110 1
000101110000 0
011110110001 1
101100111110 1
001001011000 0
011000001111 1
101000001000 0
011011101110 1
101111010010 1
001101010010 0
010110010101 1
101100011010 1
010000111011 1
111110101111 1
001101101101 1
000001110110 0
111010111110 1
011000110001 0
110011010111 1
101110101110 1
000001011001 0
101100010001 0
010101111110 1
100110011110 1
010100011100 0
110100100111 1
001100111010 1
011101010010 1
011001010110 1
111000100111 1
011111000100 1
001101110011 1
100111110011 1
100001101100 0
100001001000 0
110100111000 1
001000010010 0
101110001011 1
010100010110 0
101011011111 1
000110011101 1
001000111110 1
001100010111 1
110100000001 0
000111110011 1
110101000010 0
000110011101 1
110100101010 1
110111100001 1
010001100100 0
010000001001 0
111101010100 1
101100110011 1
100111011000 1
101100000000 0
100110010010 0
000101000000 0
100101010000 0
111111010100 1
101010000001 0
001101000010 0
100000000010 0
111011101001 1
010000001011 0
010010100111 1
001100000001 0
100111010101 1
101001000100 0
110110010000 0
100100010010 0
010101011011 1
001001110001 0
000101101110 1
111110110001 1
100011111011 1
111101110110 1
100111000010 0
010000010000 0
101111110001 1
110011001101 1
100111001100 1
101000011111 1
010101110000 0
000101100100 0
010100100101 0
001100010011 0
001111010010 1
011111111111 1
111110011100 1
111101100001 1
101101100101 1
001111010101 1
011100100100 0
101101010111 1
111000011010 1
111010100000 0
000110111101 1
010100100011 0
010010111000 0
100010101001 0
101101110000 1
000110110010 0
010000110100 0
111100010011 1
100100100110 0
010010101101 1
001110011010 1
010011011101 1
111110001010 1
111000011101 1
010011111001 1
000011101110 1
101100101011 1
000100100110 0
111000101111 1
110101101110 1
010100110001 0
101010110011 1
010001110011 1
111001111011 1
110100000010 0
011111010111 1
011111110111 1
000010010001 0
110101111000 1
011000101001 0
110001010110 1
110011011010 1
000100000001 0
111110010111 1
011110000111 1
010110010100 0
001101111100 1
000010110100 0
110000000110 0
100111111000 1
110100010000 0
111001011010 1
111010111001 1
010101100011 1
011001100110 1
101000101100 0
001100001111 1
010101101011 1
100100100101 0
000101001011 0
010100011111 1
001010010001 0
111000101110 1
011100001111 1
111001100011 1
110101010101 1
000100110110 0
110000100001 0
010000100011 0
001001011001 0
111010001000 0
101101110101 1
001101100001 0
011011011000 1
010001110001 0
111001001101 1
001110110010 1
101001011010 1
111010101010 1
111001100111 1
100000010101 0
001110000111 1
111000010011 1
001110111111 1
001010111111 1
000010000110 0
100011111010 1
001101100110 1
100100011011 1
101101001000 0
111011100110 1
110001010101 1
010000111011 1
001101000110 0
101011010010 1
011010000011 0
100100010100 0
000000000110 0
111110101000 1
101011100010 1
100110010111 1
110101101111 1
010000001100 0
101111001101 1
111110010010 1
110010110001 1
101111011000 1
010010000010 0
101111000100 1
100110110101 1
110100001011 1
111101100101 1
001101000010 0
111010101101 1
111101000110 1
100101010111 1
100101001010 0
010000110001 0
110111100101 1
111010011101 1
100010010011 0
101110110110 1
011000010110 0
110111101110 1
011011100011 1
001101010101 1
011111110011 1
100101100111 1
110110000001 0
111011100100 1
011100010000 0
110110110101 1
001010111101 1
010000100000 0
111011110011 1
010010000111 0
110001111001 1
100000001011 0
000111000010 0
001001001011 0
110010011000 0
000101111100 1
010010011100 0
001101010011 1
001100101000 0
101111011001 1
000010010000 0
101101100011 1
010111001001 1
011011010110 1
001100101100 0
011011011000 1
000010100100 0
100111110000 1
111000011010 1
100110101101 1
001000011110 0
111001001011 1
110100001001 0
111100010010 1
001100000010 0
011111111101 1
101101000001 0
111110010001 1
101011101011 1
000010110001 0
000000111110 0
111000001001 0
100100010010 0
101100011111 1
100111011001 1
000111000000 0
010010110100 0
110110101011 1
110001000100 0
100101100101 1
101101010100 1
110011011101 1
010010010110 0
001111100101 1
001001010111 1
001000100111 0
000110001110 0
111000110101 1
111000001111 1
101100101001 1
010110100001 0
001111001000 0
111100000110 1
010010010010 0
110111111100 1
111110000101 1
010100010011 0
110111001011 1
000110001100 0
110010001101 1
011111111010 1
101010110001 1
110001100100 0
111001000100 0
110111011100 1
010011100010 0
000100111000 0
110000011000 0
010001101100 0
110000110111 1
110100100000 0
001110011100 1
000100001110 0
100101111010 1
001101001100 0
111000010001 0
111110101100 1
110110110011 1
000110100000 0
011100011111 1
101000101010 0
000010010010 0
100100000001 0
001111111011 1
000110011010 0
001100011001 0
100010011001 0
100101111101 1
100011000010 0
111111111001 1
100110010010 0
011010110111 1
011110000010 0
101011111101 1
100010000001 0
010100010011 0
010001011111 1
010111111010 1
100001111001 1
011111101000 1
010000000001 0
010000100100 0
101000101110 1
010001011100 0
001001111001 1
001001110010 0
111000100011 1
000101011111 1
101011101011 1
001111001111 1
011110001111 1
100111101110 1
100100111101 1
111101111100 1
011010011011 1
110000110110 1
110111010000 1
100000000100 0
111110010101 1
010101100011 1
111111001100 1
111010011000 1
010100000100 0
010001001011 0
001111010001 1
011011110011 1
110101010100 1
101111001010 1
010011001110 1
010001110000 0
110101110000 1
000100111110 1
011111101001 1
011110001110 1
101010001100 0
010101100111 1
101110010010 1
001011101110 1
011111100101 1
001011010111 1
111100101111 1
100110000011 0
001001100110 0
011101010111 1
001011111100 1
000101010010 0
000010100011 0
111000111000 1
011010100000 0
101101110011 1
101010001101 1
110111100111 1
001010010000 0
110100111101 1
111101111111 1
010111001011 1
010101011111 1
111000010000 0
110000000001 0
010011111010 1
010111001011 1
100001001001 0
001010000010 0
011011101010 1
110001101000 0
011011110001 1
010110101110 1
111100001010 1
001010000100 0
110110100110 1
100101010001 0
101001001111 1
100111110001 1
100100000010 0
111110100000 1
110100101011 1
000101101110 1
010000001110 0
000001010000 0
001010000010 0
001001000001 0
111111101110 1
000010001010 0
100101001101 1
101111110010 1
010010111110 1
110000010100 0
111110000011 1
001000110011 0
110001100100 0
010011111001 1
000110001010 0
101100010001 0
100000100010 0
110110001011 1
000001000010 0
100010101011 1
100000000110 0
110101011111 1
110111101011 1
011111101111 1
000110000100 0
101000101000 0
110100011001 1
100111100100 1
011000101000 0
001101000010 0
111110111110 1
001111010011 1
011000000101 0
010010000111 0
011110111001 1
101000000001 0
100110000100 0
110111100000 1
101010100010 0
011011100011 1
111111100101 1
011111101100 1
001010111101 1
000011110111 1
001111000001 0
011000000001 0
100111011011 1
011100011000 0
000011011000 0
110110101111 1
001101010000 0
101111010100 1
010111011111 1
011111100001 1
011010100101 1
101101010110 1
001010011111 1
010011000011 0
110010000110 0
000100110011 0
010111111000 1
000101110101 1
000111101011 1
011110100100 1
000000100100 0
000100010101 0
110100010000 0
110101001110 1
001100110010 0
101101011111 1
011101101111 1
001011000001 0
110110100001 1
000100000000 0
111000110010 1
010010000110 0
110011101000 1
100000100000 0
001100111000 0
111010101001 1
101101111100 1
011010101110 1
011111010000 1
100001101010 0
100100110010 0
110100010111 1
100010000000 0
001011110011 1
111010000100 0
111111101011 1
011111011010 1
010111011101 1
110110111001 1
110111000001 1
010100010001 0
100101000000 0
101011011110 1
001111101000 1
001011101000 0
000010010010 0
000001101001 0
111011100000 1
111100100010 1
011010001111 1
011101100001 1
000011001110 0
101101100111 1
100000011001 0
000000101110 0
000001100000 0
100110001101 1
100000110100 0
110011001111 1
001101011111 1
010001000101 0
011101111111 1
000111010110 1
111001110101 1
101110001101 1
000000100011 0
111011111010 1
100101010000 0
100010100111 1
010011100110 1
101011110101 1
011110111101 1
111110011001 1
101000000011 0
100101111000 1
011100000011 0
010110010101 1
011010111111 1
000000100000 0
100011000000 0
100001001010 0
001110010111 1
110001011010 1
110010100000 0
101101001101 1
011010011101 1
110010010011 1
011011001110 1
111011101100 1
101101111101 1
101110101101 1
100100011001 0
000101001111 1
100000000101 0
111011110000 1
011110010101 1
010101011100 1
100101100110 1
011001011101 1
100101101111 1
111111110011 1
101001000100 0
111010001001 1
010101011001 1
101110101010 1
010101101001 1
000100101111 1
001011110100 1
010011001010 0
111001000111 1
111100011001 1
001010010011 0
111101011000 1
101011111110 1
101111001000 1
011100011011 1
100001101101 1
100100111100 1
100001110101 1
110010111010 1
011001001111 1
000001101010 0
101111000001 1
010011110001 1
010111000110 1
111001101110 1
110000100110 0
110101111001 1
100010100001 0
000011011111 1
011100100001 0
100010100000 0
000000000011 0
111010100111 1
011000101100 0
111100101111 1
010011100101 1
000010100101 0
001101101010 1
101011111101 1
110011100010 1
111000110001 1
011100111001 1
101111001110 1
101101010000 0
011100101110 1
110011010000 0
000000010000 0
111101010110 1
100100001000 0
001100010111 1
110101111011 1
011111111111 1
010000101101 0
000100001100 0
001000000100 0
111001011111 1
001010001000 0
001000001000 0
101001000001 0
001010000010 0
100111001011 1
001110001000 0
000100111110 1
001100010110 0
010100000110 0
100111001100 1
100101011111 1
011110011100 1
101111010001 1
000011100011 0
011011100111 1
000100100000 0
011101100000 0
011011010000 0
000110000000 0
110111001111 1
010010110100 0
010100111110 1
000110100011 0
001011101011 1
000000110001 0
011101111011 1
110010111111 1
010100101001 0
101011111111 1
000101101100 0
011110100100 1
101010111000 1
011110100111 1
110000011110 1
111110011111 1
100100100001 0
100010101011 1
000100111100 0
000110001101 0
010100110011 1
111001000111 1
010101100111 1
100101111010 1
001000110100 0
100111000000 0
101111110110 1
101001001000 0
100110101100 1
001000011010 0
100100111100 1
110110111100 1
101000011100 0
100010110110 1
010111111101 1
111110010000 1
011111001001 1
011000101000 0
100011100010 0
101000011001 0
000011101011 1
011000011110 1
010111011101 1
101001111001 1
010010000000 0
101110101010 1
110011111000 1
100010011110 1
000000001110 0
001010011111 1
010111000000 0
001010110010 0
101101011100 1
010010000010 0
101010101111 1
101000101101 1
110011110100 1
000001101111 1
111000111110 1
110010100111 1
111101110001 1
011110000110 1
000100001100 0
001010100111 1
100110101110 1
001110011100 1
001010100000 0
000001011000 0
110110100001 1
011011101100 1
010111111111 1
011110111110 1
001001000101 0
100101000011 0
100110100100 0
001001111010 1
111000100000 0
100010010010 0
001011001001 0
010001101111 1
100100011100 0
011101110000 1
011111001001 1
111001111011 1
011011111010 1
110110110100 1
001011111110 1
101100000001 0
111101100111 1
111011110111 1
100110001010 0
011010100111 1
010100100111 1
000100000101 0
100010101000 0
000000111100 0
001000010000 0
100100000100 0
100001110111 1
100110001111 1
010100101000 0
111010111010 1
101101111101 1
101100001111 1
010000101111 1
100011001110 1
111100000111 1
000010000100 0
000111001000 0
010001001100 0
010010110000 0
010001101111 1
011001011101 1
101111100110 1
101000111010 1
111000010010 0
111000011001 1
011110000100 0
111010000100 0
010010001110 0
000110001011 0
011110101010 1
101100001011 1
111110111110 1
110000100100 0
000001101100 0
100000011000 0
000000111101 0
011111011101 1
101111000110 1
011011011101 1
000000111100 0
100100010110 0
010010101110 1
100100000011 0
110110111001 1
100110000111 1
111011000001 1
100110111001 1
101100000110 0
110001110100 1
000001110011 0
101001100101 1
011011110101 1
000100101111 1
110010100100 0
001111010000 0
100110001110 1
101001110011 1
001010000010 0
111110010000 1
010100010111 1
001101110001 1
100101010011 1
011010000100 0
101111100100 1
010010110011 1
000001000011 0
100001000100 0
101001100111 1
110110010100 1
001100011010 0
000110011000 0
000110011010 0
111101111000 1
111110011000 1
011100011101 1
101100010110 1
011100111110 1
100111011110 1
011000001010 0
100101100100 0
100101100010 0
010110010100 0
110011011001 1
100101110010 1
011011010011 1
010011101100 1
111011000010 1
111000010100 0
110010010000 0
111111101000 1
011011111100 1
001011110110 1
110000101111 1
100011100011 1
001101011010 1
101001110000 0
111100110000 1
111111000110 1
111011111010 1
111110110110 1
110110100111 1
001000111010 0
000101010100 0
100001100111 1
100010100011 0
001110010010 0
101011111111 1
101111101110 1
110101000001 0
110000110101 1
100010101110 1
100001101010 0
101100010000 0
001011110100 1
111111011101 1
111110001011 1
101110010110 1
100000100011 0
111001010110 1
110001111111 1
010011000110 0
101111001100 1
100111000100 0
111110000000 0
010100111000 0
111101111110 1
010010111010 1
001010001000 0
100010001111 1
001101000000 0
100101001110 1
111100110001 1
110111011001 1
001010000101 0
000100001001 0
100101100001 0
011101010110 1
011000011101 1
011011010101 1
000100111101 1
000000000100 0
001100111100 1
010011111011 1
111110101011 1
010001011001 0
001111010010 1
100001010000 0
001101010111 1
011010011111 1
111000010000 0
001001101001 0
000001001101 0
011010110100 1
110010110110 1
101101111010 1
111111010110 1
000101110000 0
110110010011 1
010111101011 1
000110010011 0
110101111010 1
001111000111 1
010111110100 1
010010011110 1
011101111010 1
000010110011 0
101000100000 0
010110100001 0
001011111111 1
110110011100 1
110110101011 1
100011001110 1
010101111110 1
101100011111 1
000111000000 0
001110100100 0
100000000101 0
000111110010 1
101001000010 0
110111111101 1
010011100001 0
101101110010 1
101011110011 1
101001101001 1
110110001011 1
100011010001 0
011000100000 0
101011100010 1
010000000010 0
111010010010 1
111010101101 1
000000001111 0
011111111111 1
000101000110 0
010100000100 0
110100100110 1
111010001100 1
110101110001 1
000010000100 0
001001001011 0
101010111101 1
010111100100 1
010011000011 0
100001000001 0
011111001100 1
000011010111 1
100100001011 0
011000001001 0
001001100100 0
000110101111 1
111000011010 1
011000101111 1
011011101111 1
011011001101 1
010011001000 0
001010011000 0
011001010101 1
001100011000 0
101000110101 1
010000100000 0
011101100010 1
111010011010 1
011110111110 1
111111111110 1
110111101011 1
011000010101 0
100000010110 0
110000000110 0
010101000100 0
111010110001 1
011101101010 1
000011110011 1
111000010110 1
011010010001 0
100101110101 1
101010011100 1
011100010011 1
101101101000 1
110001010000 0
101100111100 1
001010101111 1
011110110111 1
001111100100 1
100101001111 1
011111101100 1
101101101100 1
100001100110 0
111000100000 0
001111000011 1
010110000010 0
101011110110 1
000100110000 0
111110011011 1
001000011010 0
110000010111 1
111011100000 1
001000100111 0
001110001100 0
110001011111 1
101111000110 1
110011011110 1
111011111100 1
111000000110 0
101001100100 0
010110110010 1
011111110011 1
110001110001 1
101101110011 1
101001010101 1
100011110101 1
000101101110 1
111000010001 0
001100000101 0
100100111001 1
101100000111 1
010101111101 1
111000001010 0
011010101011 1
010001010011 0
111101000101 1
001011100111 1
010010100011 0
001111010001 1
001111001101 1
001101000001 0
001001000010 0
110110000111 1
011011100100 1
001001000101 0
011111111011 1
001011010011 1
111101110101 1
000101011011 1
000011001000 0
000010100000 0
111001111010 1
100010100100 0
100110011101 1
000000111111 1
101001011001 1
101001001011 1
010101010010 0
000101011111 1
010101101101 1
111101000010 1
100000111111 1
110111101010 1
010100000110 0
101001100011 1
111110000100 1
101001010010 0
000111100011 1
010100100101 0
111110100101 1
101000000110 0
100001010000 0
111011001011 1
010000011111 1
000001100010 0
101000101011 1
100100010110 0
110100000001 0
111000111100 1
000010100100 0
111100110011 1
010101101101 1
000101110100 0
111110110101 1
010000010110 0
011100101111 1
011010011011 1
100001010000 0
111011011010 1
111100101011 1
010000101100 0
110110111000 1
111110111010 1
101111000000 0
011010110100 1
100101010001 0
110100110111 1
101111011110 1
001111100101 1
001001110011 1
111010100001 1
111000000101 0
101111110100 1
001011010001 0
111100011001 1
100100000010 0
001010110001 0
010011100111 1
101111001101 1
010001101111 1
000000001111 0
110111011111 1
111100111010 1
000010000011 0
001101001000 0
100000111111 1
000000110011 0
001111001010 1
100101101110 1
111011100110 1
010100011100 0
010100000111 0
100001001100 0
001011110100 1
011111111111 1
011001010100 0
100001111000 0
111010101000 1
110011100010 1
011100011101 1
110000000000 0
001011001010 0
010001010110 0
100000000110 0
111001010101 1
001101110011 1
111010100011 1
110010111011 1
110001001111 1
001111111111 1
001010111111 1
111110011001 1
101001101110 1
100111011001 1
111111000011 1
000010110001 0
111011001100 1
100001011100 0
101100100001 0
101010100010 0
011110110111 1
110110100100 1
011011010010 1
100000111001 0
110110101000 1
010111000110 1
010110001001 0
100101011111 1
101001110100 1
000001111111 1
001110101011 1
110000000111 0
101111101100 1
100010011111 1
101100011111 1
101010110110 1
111010101111 1
111001101101 1
010010110010 0
000110111100 1
000000010010 0
001000110100 0
000101110010 0
001110101010 1
011010001010 0
100000010000 0
110110001101 1
110101000010 0
010011101111 1
100100011110 1
000101010111 1
010010000010 0
110001111001 1
000011110101 1
111110011011 1
010101001001 0
000101001101 0
001000001000 0
100000001011 0
000111101001 1
100000001101 0
100110011011 1
000001000000 0
101000001010 0
110111100111 1
111000001101 1
101100000100 0
001000111001 0
010010111001 1
011010100001 0
001010011010 0
100010010110 0
000010001011 0
111101111000 1
101000000001 0
100001011110 1
101100011101 1
101001110111 1
010111100101 1
111111111010 1
100010110011 1
011110110101 1
010100101101 1
001101111111 1
111010101101 1
110111001100 1
111110100101 1
111001100100 1
001101011100 1
000100010101 0
110001000001 0
101011101100 1
101110100101 1
001101011110 1
101111101101 1
110111011010 1
000010101100 0
010100001000 0
101101111111 1
011111100111 1
010001001101 0
001111001101 1
110110011100 1
010111000010 0
101110011010 1
100110100101 1
100110011011 1
111111100100 1
110001101100 1
110100111111 1
001110001110 1
010110100111 1
000110011000 0
100001110110 1
101111111011 1
001111111100 1
011011100111 1
101011100001 1
011010110111 1
011010101010 1
010001001000 0
101010000101 0
101111101000 1
011001011000 0
000111001100 0
110011100011 1
000110010101 0
011111010001 1
111001011100 1
011011100111 1
011010100100 0
100010010010 0
110011111110 1
110011011010 1
000001011110 0
101000110100 0
100101000110 0
101011011111 1
110011011000 1
000010101010 0
111110000011 1
010111100111 1
010101101010 1
011001101000 0
011011110100 1
110001010111 1
101000000110 0
101100011110 1
111000101000 0
100011010011 1
000010001001 0
001101111111 1
000011100111 1
100010001101 0
100000110111 1
101001011100 1
000100001010 0
001011111000 1
011100100001 0
110100001111 1
101010001100 0
001100011011 1
110110011101 1
110111100110 1
011110100000 0
000100010011 0
100000001010 0
010011011101 1
110110100111 1
001001101110 1
001000101101 0
001010111011 1
001000100101 0
110011111011 1
110010001001 0
000000011000 0
111101110011 1
010000111110 1
111100111110 1
100001101100 0
111010101101 1
000100100010 0
111010010101 1
111011101101 1
010010010100 0
010111011111 1
110000010110 0
111011010010 1
010111010111 1
100001001111 1
001110000100 0
011000010001 0
101110010011 1
101000111111 1
000111001100 0
101100000111 1
001100000000 0
110000011010 0
101000000100 0
000100111010 0
110010000110 0
000110001110 0
011011100100 1
110101001101 1
010001111101 1
111001010011 1
111011011100 1
100011000011 0
110110110010 1
000110001100 0
000101111011 1
101001101110 1
111011101100 1
000110000011 0
111011101001 1
101001011001 1
100000001011 0
000100111010 0
110010110000 0
100100010110 0
110001011101 1
101010111110 1
101100100010 0
110101010101 1
011100011000 0
111110011000 1
111100101011 1
110101110100 1
011111100011 1
000100011110 0
100110000010 0
011111001110 1
101000101011 1
110001010110 1
100010001110 0
001111100100 1
101011110001 1
111111101010 1
100101110000 0
100100011010 0
010000101011 0
011101001111 1
111110111111 1
100101110000 0
011001111011 1
001011111111 1
001010010111 1
001000010100 0
111001001111 1
011111101011 1
101010100111 1
001001010100 0
111000111110 1
000100010101 0
010110011001 1
000111110111 1
010001010110 0
111101111100 1
110011010110 1
101111010010 1
011010010000 0
001100101101 1
100000001000 0
001001000011 0
101010110000 0
001101101111 1
110111011101 1
010101111000 1
000010101111 1
001000000011 0
111001010011 1
100001100001 0
101000011110 1
100100000001 0
100110001100 0
110001100011 1
100101001001 0
011001000001 0
110111101101 1
011001010011 1
000111001010 0
101111010111 1
100100010111 1
110111000001 1
101110111111 1
111010010101 1
100001111010 1
001010011110 1
001101010001 0
100110011110 1
110110100111 1
111110001101 1
000011001101 0
111111010000 1
100000101010 0
111001111101 1
001011101100 1
101010100011 1
101100011110 1
011111101101 1
000100100011 0
110001001011 1
100011000000 0
000001101100 0
010001011100 0
100011101110 1
100001010100 0
001110111011 1
011001100011 1
000111110111 1
001110010110 1
001100111100 1
000100011011 0
101000111110 1
100110010101 1
110100100001 0
100100001110 0
000110000001 0
110011101010 1
011100100100 0
000101101110 1
011011100011 1
011100101011 1
100110010010 0
101011011110 1
111010100001 1
000101111111 1
111011001011 1
011010000010 0
000010000001 0
010000111110 1
011001110010 1
011111000100 1
100110011101 1
101101001000 0
100010010011 0
010111111100 1
111101101011 1
001011101111 1
010111100000 0
001000100010 0
101011100010 1
001010110100 0
100001110110 1
101100011101 1
011100001110 1
110111011100 1
101011111010 1
000111101000 0
011001100111 1
010111100101 1
011110011101 1
000010010001 0
011011100100 1
010111010010 1
110111100011 1
011000101010 0
110111100011 1
001110101001 1
100011010000 0
010011110011 1
000000001011 0
110100000001 0
100001110000 0
001100000001 0
111001101100 1
010111010010 1
010010110111 1
010101000001 0
111001011011 1
100110111110 1
111000000011 0
000101110010 0
111011011100 1
110111001111 1
110100100111 1
100001100100 0
111101101001 1
110100111101 1
101111010101 1
111001101101 1
111110111100 1
100010001010 0
110011001001 1
011011100101 1
110110100011 1
000110000001 0
000110011101 1
010011010000 0
101001100011 1
111100000110 1
100111100011 1
111101101010 1
100110110000 0
001100011000 0
110001010100 0
100010111010 1
101100100111 1
000010001001 0
011001100001 0
100001110011 1
000000000111 0
100000000100 0
001111100111 1
111000101111 1
101111001001 1
000010110010 0
111101110111 1
011111100001 1
010010110110 1
001001111101 1
111011100001 1
110101011000 1
101111111111 1
001101101111 1
110011110001 1
100110100000 0
111001110001 1
011010101000 0
011010100101 1
110010010000 0
111000001101 1
001100101110 1
001011010110 1
001100010101 0
011000000101 0
000110000100 0
000010001010 0
111010010111 1
001001111111 1
010101101101 1
101111101101 1
001000001101 0
101000110110 1
000011010011 0
010110110001 1
110111010001 1
110011101100 1
000110111110 1
101001010001 0
000110110001 0
100111010010 1
101010011110 1
011101101111 1
011110011001 1
000110010101 0
001100011110 1
111011110011 1
111000001000 0
010010011000 0
001000101011 0
100101101100 1
110101011011 1
001111001000 0
100010000110 0
101011000110 1
000001011001 0
110000011110 1
000010001100 0
000101111111 1
010101011110 1
100110111010 1
000010011101 0
000000111101 0
110010110111 1
101110110111 1
110001001001 0
001000100110 0
101000100111 1
000100011010 0
100111100111 1
110000110010 0
100101001100 0
111010111110 1
100010111110 1
001000100010 0
000111010101 1
111000111011 1
101011000010 0
000010110101 0
100101110011 1
100011111111 1
010000001100 0
110100101000 0
010000010111 0
100010101011 1
101000101101 1
001100001101 0
010000010001 0
000110100000 0
001001001110 0
110101010010 1
011010011100 1
000110101111 1
010111100011 1
010111100100 1
110001001011 1
001011101011 1
110010110101 1
101010100011 1
111100111111 1
000000111100 0
100001101010 0
100010011101 1
111010010110 1
010100001100 0
111010100100 1
000010010010 0
000010110000 0
111010111000 1
000001100111 0
000111010101 1
001101001110 1
001000010110 0
101110011010 1
111011001100 1
111111001111 1
000101101011 1
011001110000 0
000100100111 0
010110011010 1
011001011110 1
101111011111 1
001001010101 0
001101100011 1
010000110100 0
111111011111 1
001111011110 1
010001001010 0
100101101011 1
100010101100 0
110110110110 1
011001101110 1
101001011000 0
010100001011 0
111101111010 1
011010010111 1
100010110001 0
110100010011 1
001100100100 0
010110011101 1
010000011000 0
100000111111 1
011111100010 1
100100000111 0
100001000111 0
110100110001 1
110001101000 0
111111001110 1
010100101100 0
100100011001 0
111100110011 1
111101001011 1
100010111100 1
100100011011 1
100000111000 0
011100101000 0
010111010101 1
001011011111 1
101101111111 1
111011000110 1
000000110000 0
010010111100 1
110111101000 1
101001010010 0
000100101001 0
011010010110 1
001100011011 1
100011011100 1
110010001111 1
111110011000 1
100101010111 1
000101001011 0
000111110110 1
100111110001 1
000101001001 0
101111100101 1
101111010011 1
011111101111 1
100010101000 0
110000110011 1
111011001101 1
011011100010 1
000100010000 0
001010111110 1
100001001011 0
010000100000 0
000011010111 1
000001111001 0
101110111100 1
000011100000 0
111100101110 1
100001110110 1
001001110101 1
001000010011 0
110000101011 1
101000010011 0
100111001101 1
110010100000 0
100111110100 1
011100111111 1
101110101110 1
100001100011 0
101100001001 0
110100100011 1
011001001111 1
111101100101 1
001111010111 1
110000100010 0
010010001110 0
100110001010 0
110000100000 0
010100100111 1
101111101011 1
100100000101 0
100101010110 1
100000010000 0
001100101001 0
100100101100 0
001101011011 1
111001010010 1
000101100101 0
100001110010 0
010011111010 1
110001000010 0
011011101001 1
010100100000 0
111010001011 1
101111000111 1
010111111111 1
000110110010 0
101100010110 1
000000001011 0
010110010010 0
000001010101 0
101110100101 1
010001011000 0
001010101111 1
000011100111 1
111011011111 1
110111110011 1
001111011110 1
011100101010 1
000010010100 0
001110111000 1
101100100000 0
000010010000 0
101110011101 1
101101011001 1
111110011000 1
101010010100 0
000010110111 1
000010000110 0
001001000001 0
001001101111 1
011010101000 0
001100111110 1
000000101011 0
010001010101 0
110100111111 1
110100011001 1
110011011001 1
001101110011 1
100101000010 0
100001110010 0
111111100101 1
000100010011 0
000110010100 0
100000000110 0
010001110111 1
111110001101 1
001111100101 1
011011000100 0
100001101010 0
110100001100 0
010010001000 0
111101101001 1
111100001111 1
000011110010 0
011111111011 1
110101010101 1
100010100111 1
011001110011 1
000001111101 1
110000001111 1
000111110110 1
111011001011 1
111000101101 1
000000100000 0
101100101010 1
001100001011 0
010000010001 0
110100001100 0
010110111000 1
111001110001 1
001010010001 0
010011100000 0
001111100001 1
001111010001 1
101101010001 1
000010010111 0
111001010010 1
000101110010 0
111011011011 1
010000000010 0
011111100101 1
001000011111 1
011110100001 1
111101010110 1
010001001001 0
011100100010 0
001011000001 0
010101011011 1
000010111110 1
010001010011 0
101001010011 1
111100000001 0
111110101000 1
111001101000 1
101100000011 0
101100101011 1
110010110100 1
010010110000 0
110010000011 0
100011101011 1
011101111011 1
110100011110 1
100011010001 0
010111101011 1
111101101010 1
111101111010 1
000100010111 0
101101000001 0
100001001110 0
101101000000 0
101100110001 1
011010001001 0
101101011100 1
001110100000 0
010100101101 1
001100011100 0
100110110110 1
011111101000 1
001011011101 1
111011101000 1
100000100010 0
111110110111 1
010011100010 0
100010100111 1
111101001110 1
111110111111 1
111111001100 1
010110100011 1
101001101101 1
011010001100 0
011111010011 1
101101110000 1
110011100010 1
101100100000 0
100000100000 0
110010101011 1
001001011011 1
011001110110 1
000011010011 0
110000101000 0
111011111000 1
110110001011 1
000111100011 1
010000101111 1
011101000100 0
000010000110 0
000010000011 0
111111110010 1
001110000000 0
111001111110 1
011011111011 1
001001011000 0
100101011100 1
001000110100 0
000011011011 1
001010011011 1
100011111101 1
001011001100 0
001110101010 1
110111100000 1
000010101111 1
010100111010 1
111100101011 1
011111010001 1
101010011011 1
011011001110 1
011101011011 1
010110010111 1
111100111100 1
111000011000 0
111110010001 1
011010100111 1
010001000100 0
111100000110 1
101001000111 1
000010100110 0
100001010101 0
001001001111 1
100111010011 1
111101100000 1
100111010000 0
111000111000 1
011110000010 0
000001010010 0
101100011100 1
110101010010 1
100001011100 0
100010100100 0
000001001100 0
001101111101 1
110100001000 0
101000110001 0
111001001110 1
111100111010 1
100000001111 0
100111010101 1
110000001001 0
001000001111 0
110010111111 1
001100000010 0
011100011111 1
001000010100 0
001001001100 0
101100100010 0
111101100101 1
000000110001 0
110011100110 1
111011011000 1
011111101001 1
110100110011 1
111101000100 1
110111000000 0
000010010100 0
111000101010 1
000111001100 0
110101010011 1
001101001110 1
010011111001 1
011000000101 0
100010010000 0
110000010100 0
011000001101 0
011000001110 0
111001110010 1
001100010001 0
011000010110 0
001010101101 1
010100000010 0
100000000100 0
100000010110 0
010011001111 1
100101010111 1
100001010001 0
001001011011 1
100000110011 0
110001111010 1
101100000110 0
000101101010 0
000010000100 0
011000100111 1
100000101111 1
000001111110 1
101000111011 1
110111011010 1
101011011010 1
000111001011 1
000001011011 0
110101101110 1
011111101000 1
111011010111 1
010110010011 1
101110111100 1
101111000111 1
110111010000 1
010101010010 0
011110011111 1
100110111000 1
100000011010 0
101111100111 1
110111001011 1
100010110110 1
110101101110 1
111101010101 1
001011000011 0
110100001111 1
011001011101 1
100001010011 0
000011011000 0
101100101110 1
111110001010 1
110111001110 1
001100011001 0
010001110011 1
111000100000 0
000000001011 0
110101001011 1
011000010100 0
100001001101 0
111001001010 1
111100100111 1
101000110010 0
111111001100 1
101110000111 1
000101011001 0
100110101111 1
000011011011 1
101011100100 1
110000011101 1
100011101110 1
001110100101 1
101110000111 1
111100010000 0
001011111001 1
000000000011 0
000001011110 0
000001011010 0
001100010011 0
100011111110 1
011111110100 1
111100011110 1
011111110100 1
110110000100 0
111011101100 1
100101010110 1
111100101011 1
100110111111 1
011011111000 1
100111110110 1
010111111100 1
001010000100 0
110110000111 1
111111111001 1
010100011100 0
110001001000 0
001111100000 0
000011111001 1
110110100001 1
111100001110 1
011100100111 1
101001010100 0
000110001011 0
011010110110 1
000110100011 0
011000001101 0
111110010101 1
000011110101 1
110000101110 1
011111111010 1
001101111011 1
010101000010 0
001100010001 0
000010001011 0
001011111001 1
001111100100 1
001110010110 1
010011111111 1
111110111000 1
101010010010 0
011001110100 1
111101111001 1
011001000011 0
101001001100 0
001000000100 0
011011000111 1
010101001001 0
001100010011 0
001001111011 1
111000011010 1
001000001000 0
101011101100 1
101000101000 0
100001100110 0
011011001000 0
000000101111 0
000001100100 0
001001000001 0
110100010000 0
110011111100 1
011010111101 1
010101111101 1
000110011000 0
010011000100 0
110011011111 1
111010100010 1
011000011011 1
011111111111 1
110100000011 0
111101010100 1
100011110100 1
010111101101 1
011000010011 0
101001001110 1
100000001110 0
011011001110 1
000101101101 1
110011000010 0
101110111100 1
110100111001 1
010010011011 1
011100111001 1
111001000010 0
000000100010 0
011101011100 1
011010110111 1
110001011001 1
000000001110 0
011000010010 0
100000011011 0
001100110100 0
101001010101 1
101111011011 1
100010010001 0
001100010011 0
000101101010 0
111010001000 0
001010001011 0
010011010000 0
000011100110 0
000101010001 0
111110101001 1
011101011001 1
000000000000 0
101100110100 1
010011011000 0
011101111011 1
111111011111 1
010010110010 0
110010110000 0
101011011001 1
000001110000 0
010000011011 0
000110111011 1
110101100001 1
000001000011 0
000101000100 0
110110111011 1
011001010000 0
011011101111 1
111101011001 1
011101000010 0
001000010000 0
010001000110 0
101110010000 0
100101110100 1
010110011101 1
011000011011 1
100101000011 0
100000000000 0
011110000000 0
010110111000 1
110111111000 1
001111010100 1
001011000011 0
111011111100 1
011000010000 0
111100100010 1
010000000100 0
110010110011 1
111100101011 1
101011100110 1
111101101001 1
001110000101 0
101110000100 0
111110101010 1
001101011101 1
000100001001 0
111010100110 1
101101111111 1
101101111001 1
100100101001 0
101010001000 0
010100000100 0
111011000000 0
110010010010 0
110111111110 1
110100101000 0
110110100110 1
000001101111 1
010000111010 0
100011011010 1
010011111100 1
000001001001 0
010010010101 0
111001011111 1
001010011000 0
101111101000 1
011000111000 0
101110110010 1
100011110101 1
000100011001 0
110111000000 0
101100010010 0
101100010101 1
001100011100 0
000000011000 0
100001101010 0
100101010000 0
000101000001 0
011111011111 1
001100101111 1
011100111000 1
100001001010 0
101110011001 1
011111001101 1
001011100110 1
001101111111 1
101101100011 1
000101101011 1
001011010111 1
110111011110 1
000101101010 0
000101001001 0
010000111111 1
101011011010 1
000111111111 1
011100011000 0
000111001010 0
010001111001 1
100000010011 0
001001101111 1
001100101001 0
001111111011 1
001010010111 1
101110000011 1
110110011001 1
101111000011 1
101010100011 1
000101010111 1
001000010001 0
111101001010 1
110110110100 1
111000010101 1
001010001111 1
100111001000 0
101100011010 1
111010100101 1
111001010100 1
011000111000 0
001011111000 1
100101001011 1
100010111111 1
011011110100 1
110101011100 1
111010111111 1
101111110001 1
110001001101 1
111000011011 1
011000000010 0
001001001010 0
100100100000 0
001001101001 0
010011111011 1
001101111000 1
101111000100 1
000000110000 0
101010100111 1
010101101110 1
100111110100 1
100010000110 0
010101000110 0
010100110111 1
010001111111 1
100111001101 1
001000111000 0
011101000011 1
001010011111 1
000100010111 0
110011110100 1
110011101111 1
101111010110 1
010100111100 1
101101011101 1
111000000011 0
101000010110 0
100100000101 0
001011000110 0
010000110001 0
101011111100 1
001011011110 1
010001011001 0
000010100001 0
001011100110 1
011111111100 1
111001110010 1
011100110111 1
011001100011 1
000001111000 0
000110110111 1
101100001011 1
111000000110 0
111001000010 0
110110011011 1
001101001001 0
101001111000 1
010101011110 1
111011010010 1
001100001010 0
101101010000 0
011000011111 1
001110010100 0
001001011111 1
111111100100 1
100110000110 0
011110000100 0
111110011101 1
101001001100 0
110001010110 1
010100010111 1
110001110010 1
110010100000 0
100110010000 0
011010101010 1
110110010010 1
010100111001 1
110001101110 1
010110011011 1
110000111110 1
000111001100 0
111000001010 0
001001101111 1
111110010100 1
001011101001 1
011100000111 1
101011000101 1
010010011000 0
001100101110 1
001101000110 0
110110001111 1
101011011001 1
111001001110 1
110100001110 1
010101001110 1
000100111110 1
110111110111 1
110011011010 1
001001011000 0
000000010001 0
011000011100 0
111101010100 1
111010101111 1
010000010011 0
011011111100 1
101000101001 0
111000011110 1
000111100100 0
111001000011 1
110111100011 1
101110010011 1
000101001100 0
000100010000 0
011011110101 1
110011000110 1
100100100001 0
000001111100 0
011010111100 1
101110100110 1
000101000011 0
010010000010 0
010100000011 0
110110010101 1
000101100011 0
110001000011 0
010101000100 0
101000000010 0
101001011010 1
001011100000 0
000010110010 0
001011100111 1
000011011000 0
010110111010 1
000001100011 0
001110111101 1
100111001001 1
111000000000 0
101000101011 1
010100100011 0
000010100110 0
110101111111 1
101000111100 1
100110110001 1
001111110011 1
000101001100 0
110101101110 1
100111111001 1
001001001001 0
111110111011 1
111100000101 1
011011101011 1
110010100000 0
110101011101 1
111010011101 1
101111101001 1
101011000011 1
101010101100 1
100101101111 1
100001001000 0
011011110001 1
101100111111 1
110010111100 1
101000000111 0
001100100010 0
010011100001 0
100011010110 1
001011111111 1
111000010100 0
000000000001 0
000100010111 0
001100111010 1
101010100001 0
111011000001 1
011111111001 1
010111100011 1
001101010100 0
100010101100 0
010111010101 1
010101101001 1
010010000000 0
100100100100 0
100010100011 0
101000010101 0
110101010101 1
111110000010 1
011110001011 1
001101010101 1
100011011101 1
100101101100 1
100001001100 0
110000011001 0
001101001111 1
000011010011 0
101111011001 1
011111011010 1
110101101000 1
111111111010 1
111100001011 1
110101001010 1
001110100100 0
101110000111 1
011010000001 0
010110110111 1
100100010011 0
110000111111 1
010110100110 1
100110100101 1
111011010011 1
111011111110 1
111010100100 1
111110101111 1
011101001100 1
011111001001 1
010001000010 0
101101111111 1
110000110010 0
100111000011 1
100100010101 0
000111110111 1
101101110010 1
100001000100 0
000111000110 0
011001001101 1
001010010000 0
010110100111 1
111100011011 1
010100111101 1
000100001010 0
010101100110 1
001101001010 0
110010000010 0
000111111111 1
001010111000 0
010000000100 0
000111000111 1
110000101111 1
110010100000 0
111110010001 1
111001100010 1
100011110100 1
010100001100 0
011100001110 1
101100011000 0
111110100011 1
101111100010 1
101010010111 1
010000011100 0
011001001010 0
010000011010 0
111100000010 0
010000000001 0
010010001001 0
110110000101 1
100010010110 0
011110111001 1
110110111011 1
000101111010 1
011100010000 0
011010111010 1
110000101110 1
001000110001 0
101000101110 1
010110000101 0
100011101100 1
001011011100 1
010101100110 1
111101011011 1
110011010110 1
111010011100 1
100010100001 0
001111011111 1
000011101011 1
010000001111 0
111000000000 0
010010111111 1
001010110001 0
100111011011 1
001011001111 1
100011111110 1
111011100111 1
101110010111 1
011101011000 1
101010011010 1
001101010101 1
010010100011 0
010111001000 0
000100101000 0
011101011111 1
101101110011 1
100000010001 0
000110001110 0
010000001011 0
111100110001 1
100011111010 1
111010011011 1
111011100011 1
011101111110 1
010011110010 1
100101001011 1
111101110100 1
100110111110 1
100110111011 1
111000100111 1
100111110110 1
000100111010 0
011110001000 0
111100110011 1
100011100010 0
000011110110 1
000101101010 0
000001111100 0
100111110000 1
011011011001 1
000101000010 0
001001001101 0
010111110000 1
011111111100 1
010000110011 0
001001101011 1
010001010011 0
110111101011 1
011100000111 1
010001110100 0
110111010110 1
011011010011 1
001010110001 0
011110110111 1
010110011110 1
101100011011 1
100011101110 1
001000100001 0
010011100110 1
011010111011 1
101011110011 1
110011011001 1
011000100001 0
111101101001 1
110001000000 0
011100000100 0
101001101110 1
000010010100 0
110101000010 0
100010011000 0
000011111111 1
101111100001 1
111010011100 1
000001100101 0
010001000100 0
000011010001 0
011100000011 0
010011001011 1
111000100101 1
000001001101 0
100010111101 1
011110100111 1
111100111110 1
110010000100 0
100000110110 0
010011000100 0
110100011110 1
010001001101 0
111010110011 1
011000001110 0
000010101010 0
100011101110 1
001001111110 1
001111001101 1
110101011001 1
100110111111 1
001111110011 1
001011001011 1
001011101110 1
101000000010 0
011010111010 1
000101110110 1
101011100011 1
011010001101 1
111011000101 1
011100000100 0
011000010101 0
010101100101 1
110111000111 1
100000010100 0
010000000001 0
001100001000 0
101011101101 1
100111110011 1
100000111010 0
011110101101 1
010111000110 1
011011011011 1
000011001101 0
010000001011 0
000000001000 0
101101110000 1
101101000010 0
000000111001 0
101001000011 0
010000010010 0
110000101111 1
001000010110 0
011000100111 1
111111001011 1
010100000100 0
000000110010 0
100010011111 1
110111010011 1
100111000010 0
001000111110 1
110101101101 1
100100010001 0
000010111100 0
010100010000 0
000101010110 0
110110101001 1
011001110111 1
011010000010 0
110000110100 0
101000111111 1
111000010011 1
000101001010 0
111100100100 1
001000010011 0
010000001110 0
000001101101 0
100101011010 1
000101101011 1
001001010000 0
111010010101 1
111011100000 1
110000111101 1
100000101101 0
100100010110 0
101101011001 1
101011101010 1
001011100110 1
111010010010 1
011101011000 1
001100010111 1
100001100101 0
111111010001 1
110010110110 1
110001101100 1
000011110010 0
111011011000 1
010110111011 1
000000111101 0
111100010001 1
111000011111 1
000101000001 0
100101001101 1
110011111100 1
011010110111 1
011010110100 1
001110001110 1
001010101111 1
101001100010 0
110011101010 1
000111101010 1
100000011000 0
010100101000 0
111011011011 1
101101011000 1
101110001011 1
100000101010 0
110000000101 0
010000000010 0
111111100011 1
110111101100 1
010001001011 0
111000001000 0
000010111000 0
010011011100 1
010111011110 1
001110000100 0
111001100111 1
111111100101 1
010111100111 1
001001001011 0
101110110000 1
111001010011 1
010000011010 0
111000111001 1
001111111111 1
000001110011 0
110100100110 1
000000010110 0
000110010100 0
001110000110 0
101000001111 1
000001111100 0
011101110001 1
011010010000 0
010100110001 0
110111100000 1
011111100111 1
110001001011 1
000101110001 0
101100101101 1
111111100111 1
100111110000 1
010010000001 0
000001110101 0
100010010010 0
101011000000 0
100110100000 0
001110001100 0
010101011101 1
100011010011 1
000100100001 0
110001010100 0
010110011100 1
101100011011 1
111110100000 1
001000001100 0
111100011000 1
111101100001 1
100100100110 0
011000011101 1
001110101000 0
101000000010 0
000000001011 0
110000110001 0
001110100101 1
100000010010 0
101011010100 1
100110010100 0
110010110111 1
110111110111 1
100000000010 0
100011111111 1
111001011000 1
110110011011 1
111110100101 1
000101000000 0
011101011110 1
111011100110 1
011000000001 0
100011011011 1
111010101010 1
101001110101 1
111000110000 0
110011110110 1
010111100010 1
011011110000 1
011111100111 1
101010011101 1
010011000001 0
100110010001 0
111001111011 1
110001010111 1
000010101000 0
001100000010 0
101110001110 1
111000100001 0
001000110100 0
011000011100 0
100001110010 0
011101011100 1
110011110001 1
001001000100 0
001110001100 0
011111110101 1
111001001000 0
001101010100 0
100100000111 0
001011010100 0
100010001111 1
111010010101 1
000100011001 0
110001101001 1
100011010110 1
110010101101 1
100010110000 0
010011111000 1
000001010011 0
011110011010 1
100100011011 1
010110101111 1
110001110010 1
010110100101 1
110111111100 1
000111100111 1
100101101100 1
101100001100 0
000101001001 0
011010010100 0
111011000010 1
100110011001 1
000101111011 1
001001110110 1
000100110100 0
110011010101 1
001000010010 0
111100000010 0
000110001000 0
101010110101 1
100000010011 0
100011110100 1
100010100101 0
100110101001 1
111101111011 1
101000001100 0
001100100101 0
000101111100 1
000011111100 1
001100100000 0
111001010101 1
010100010111 1
101001010010 0
100010101100 0
001110011101 1
100101100010 0
000010011000 0
101000110110 1
000111010100 0
000001001000 0
010111000111 1
011011000011 1
110011011111 1
000111101110 1
010010000001 0
001000011000 0
100010101111 1
001010010101 0
000101000100 0
011101111001 1
100110011110 1
001010011110 1
101000000001 0
110100111101 1
111101111101 1
000001101011 0
011010101100 1
111001011100 1
010100001111 1
001000101000 0
011001001111 1
110101101001 1
011001011010 1
101111101101 1
001001100010 0
011101110110 1
101101111001 1
001111010011 1
110001011001 1
100100011101 1
111100001111 1
011001110110 1
110011011100 1
001001010010 0
010100001110 0
110101100110 1
110010110100 1
010011110111 1
100101100110 1
100000110001 0
010000111100 0
110110000010 0
100000010101 0
011110111000 1
101100111111 1
010001011011 1
100100110011 1
011000110110 1
111011100101 1
100110100001 0
100100011001 0
101000010011 0
001010001010 0
110000001101 0
001100011100 0
100100110011 1
011000101111 1
001100011100 0
101001100011 1
001011000010 0
000110111110 1
101001101100 1
110001101100 1
100111000101 1
101011001111 1
000001001011 0
000011110011 1
100001101101 1
101011011100 1
101100111010 1
010111101110 1
000110110110 1
000101111000 0
001001111011 1
101010111110 1
101100111010 1
000010101001 0
110110101000 1
000011101110 1
010111000000 0
010001001100 0
100001000111 0
101110000100 0
110011101011 1
111110010100 1
100000100010 0
111011001000 1
111110010101 1
000110101101 1
111011001000 1
000110110110 1
110011010110 1
000011111011 1
110000111010 1
101000100011 0
100010101100 0
000000001101 0
001110000111 1
101101100011 1
100001010001 0
010101100100 0
000111010011 1
101000100100 0
110001010111 1
110011110000 1
111111001111 1
001101100100 0
110010101100 1
111000010000 0
010001101100 0
011111011010 1
111010101011 1
110111101111 1
011100111011 1
001101011000 0
010000100010 0
111101010001 1
010100110111 1
101000001101 0
101100011111 1
001000100110 0
110001010010 0
101001000001 0
111110100001 1
111101111111 1
101011111110 1
010011101000 0
100111101010 1
011011001001 1
111001000001 0
110000111110 1
011010011000 0
101011111011 1
010001001001 0
011100010101 1
001101101010 1
101100001101 1
100010001010 0
101111011101 1
101111000111 1
110100000101 0
110110111000 1
100011100100 0
000000000000 0
101000100100 0
100000000100 0
000101110000 0
111110101000 1
000100100100 0
110111000100 1
101110000101 1
011110001111 1
110000110000 0
101000001000 0
010101101100 1
111110011011 1
001111011001 1
110110011101 1
110000001101 0
111111001001 1
001111010111 1
100111111100 1
011111110011 1
110100101010 1
001110000010 0
010000010001 0
111100001101 1
101000101011 1
011000111111 1
100111000001 0
111001010010 1
100110000111 1
011010001101 1
011100111011 1
001110010100 0
000110101110 1
110000010110 0
011001100101 1
111100001011 1
001001000111 0
010011111010 1
000110101100 0
000010010000 0
110011010110 1
011011100011 1
011100001010 0
011110110000 1
001111010001 1
101101001101 1
011111001101 1
001100111101 1
000001100101 0
011100100011 1
000010001001 0
000100010101 0
000000000100 0
011100011011 1
011111001001 1
011000101010 0
100001101101 1
000110011101 1
001011011000 0
111010101110 1
110101001001 1
010010111101 1
011001100011 1
111000111101 1
011000101101 1
101110100111 1
000101100001 0
010010110110 1
010101101100 1
000101001000 0
001101010100 0
000000100111 0
110111011001 1
011110011101 1
110001010111 1
001000110111 1
011101101010 1
000110101111 1
110100111010 1
010001010101 0
011111111111 1
010011111001 1
001000000111 0
110111011110 1
000001011100 0
000000101001 0
000111011010 1
110001001000 0
110100111111 1
010111101000 1
001110001010 0
010011001011 1
101011010101 1
101010100111 1
101000111111 1
111110100110 1
111010110101 1
011011000011 1
111001111110 1
010001111011 1
110010101010 1
001001001001 0
111100001011 1
101010100110 1
101000110010 0
000110011111 1
110101100110 1
010010100010 0
000111100100 0
111001111101 1
100011001011 1
111001101011 1
111011111000 1
001010110010 0
000001010101 0
010100100011 0
001001000110 0
100101101100 1
001000111000 0
010111010001 1
001011110010 1
111000110001 1
001000101100 0
101100011001 1
110011110000 1
010100001111 1
000010001110 0
000100001110 0
010101000111 1
100010101101 1
111001110100 1
010100100110 0
000111001001 0
100111000100 0
101000000010 0
010110001111 1
101111000110 1
111100110010 1
101011011000 1
101110101000 1
010010011001 0
010001100101 0
100100110101 1
011010101111 1
110111101110 1
011100010100 0
011000000100 0
001101011010 1
000110101111 1
010011100011 1
111100000100 0
000111101100 1
100111001010 1
101110011111 1
101001111110 1
010001101110 1
110100111111 1
001100010000 0
011010000111 1
001000111101 1
110001100010 0
110001110011 1
101100001111 1
011111101011 1
011100011011 1
101000001101 0
111100010100 1
001110010110 1
001000111111 1
011111111001 1
101101111101 1
000001010000 0
110101100110 1
110101000010 0
001101011011 1
001001110000 0
000100010010 0
111011001011 1
101100011101 1
010000110000 0
100000000011 0
101101111101 1
000110110000 0
101111101000 1
000010101111 1
000101101001 0
010100000110 0
010101110101 1
010011111000 1
001111000010 0
010011110001 1
001000101111 1
101100101001 1
111101101110 1
011111000100 1
111110001100 1
111111000101 1
011101111100 1
011011001100 1
111100001011 1
001110111001 1
000011011001 0
110101111111 1
000011100001 0
011111001111 1
111001111010 1
110011110010 1
100110011100 1
101100011010 1
011100010000 0
001000100111 0
110000001111 1
011001100011 1
100100101010 0
001100011001 0
010111011100 1
111010001001 1
101101000011 1
001111110010 1
010100011111 1
100001100110 0
111100010101 1
100100000100 0
001101011111 1
101100010101 1
111011101110 1
011011111110 1
010010010000 0
110011001110 1
000100000111 0
011110000011 1
011111001001 1
001011000000 0
011100100111 1
101101110011 1
010110111001 1
110011110000 1
000001101000 0
001110000001 0
110011011001 1
010110110010 1
111110000110 1
011001111011 1
101001100110 1
101110100101 1
000000111101 0
101010010101 1
011001110111 1
000011001010 0
001010101111 1
010101000101 0
101011111110 1
100011111100 1
011101011000 1
110010010100 0
010011110110 1
000000010010 0
001010101110 1
011011111000 1
101001101110 1
110110000001 0
101100011101 1
110011111010 1
001001111110 1
111110001001 1
100110001101 1
100101001110 1
100101111100 1
001100110011 1
100011110101 1
011111111000 1
000100110010 0
110000100011 0
010101111000 1
110100110001 1
011001010001 0
010100111110 1
010100000100 0
110010110100 1
101000110010 0
010000110010 0
010011100011 1
000111101111 1
001001001111 1
101001010100 0
011101111000 1
100101001110 1
111101100101 1
100100111110 1
001100010010 0
100111111111 1
110111011010 1
111101110111 1
011111111011 1
011110110011 1
111110101100 1
100011011100 1
100011000010 0
010011101111 1
110000110011 1
110000000111 0
011111100100 1
000111010000 0
111101101000 1
100110011110 1
001101010100 0
010111111010 1
110011001011 1
111110110110 1
100011010100 0
111001110011 1
010100000100 0
001000110110 0
001100010010 0
001101111100 1
110000110110 1
100000010100 0
001111011100 1
011000100000 0
010100011110 1
111000111101 1
