100110101111 1
001011001001 0
110000110001 0
000110100010 0
011001110001 1
110011011000 1
111001110100 1
011000111100 1
111010001011 1
111011011101 1
111001011111 1
011100111000 1
011000101011 1
111010111000 1
111001001101 1
111100000010 0
001010011111 1
000100001000 0
110010000011 0
001010001011 0
100010100000 0
110110011101 1
000010010001 0
101011000111 1
011101111011 1
001010000000 0
001100011011 1
010101000001 0
101101110001 1
001000001111 0
001010110110 1
011110000010 0
010010000101 0
011000010001 0
000111001001 0
111000101110 1
101011111101 1
100111000010 0
101110101111 1
110111011011 1
100000010110 0
000101110100 0
001101111011 1
011010001100 0
110100000000 0
110011010110 1
001111011101 1
011000001101 0
100111111000 1
111101000111 1
100010101011 1
000111101000 0
000001111010 0
001001100110 0
000101000101 0
111010100110 1
000010010111 0
011000010111 1
010011110111 1
010111111101 1
001111001101 1
000001011010 0
111011001010 1
101001011001 1
100100000100 0
100011111111 1
001011000101 0
100001000001 0
101100011000 0
110010000101 0
000100010010 0
010010010001 0
101110101000 1
000110011001 0
100011001101 1
011000111000 0
101100010100 0
010100100101 0
011100110001 1
111001101001 1
010000000101 0
011001110010 1
101110100100 1
000111100101 1
101011010010 1
100111110110 1
011001000100 0
011100101110 1
100011011011 1
001011001110 1
011110100110 1
000010001100 0
010110001100 0
010001110101 1
010011001110 1
100010100001 0
110111010001 1
010010010000 0
100001011111 1
100111000000 0
101101001000 0
101111110100 1
111010100011 1
001011111001 1
000010000100 0
100001101000 0
111111111111 1
101010110100 1
110001110111 1
000100010001 0
000001111100 0
011011100111 1
011010001100 0
101011001000 0
011110110010 1
001011101110 1
101100001010 0
000000000110 0
110010110010 1
010101010111 1
011000111111 1
010100100001 0
111000110111 1
010000101001 0
111110111001 1
011111000000 0
001000001010 0
101000101000 0
010010111101 1
100111010100 1
100100011010 0
100111101010 1
100011000101 0
100110001001 0
100011000110 0
101000101001 0
011011100101 1
001010101110 1
100100010111 1
011110001011 1
100101110100 1
010000000010 0
110101011111 1
010110000111 1
100011000010 0
011111111100 1
101110010111 1
100011110011 1
110000001011 0
001100110111 1
000010010111 0
010011001111 1
011111010110 1
110000010010 0
110111010001 1
101111111001 1
011100000100 0
000110100111 1
001111111000 1
111101101000 1
001010001100 0
001011110111 1
100110011000 0
001000010100 0
110111011111 1
001010101010 0
101100010000 0
000101111001 1
011000011000 0
010101011111 1
000101110111 1
001001010110 0
001111101010 1
001011010001 0
110110011111 1
111110001000 1
010001011001 0
100101011100 1
000110111010 1
110001100010 0
100010000010 0
010011111111 1
011001110100 1
011101110101 1
011001110001 1
101101101110 1
011111001101 1
000110000100 0
011011011110 1
100100101010 0
111001011010 1
111101000000 0
011111011111 1
110101000100 0
001000011100 0
111001111001 1
110111010101 1
110010100110 1
111100011110 1
000110000100 0
011110100100 1
010010001010 0
011110110110 1
110111100010 1
111110000011 1
111100001100 1
010000110111 1
111001010100 1
111110101001 1
011100110110 1
000111110100 1
010101110011 1
100100001100 0
001010000000 0
111111000101 1
111101011010 1
000111000101 0
010000011100 0
001000111010 0
101101001111 1
111100101111 1
000000111111 1
100111110101 1
001010100011 0
000110001111 1
110110010110 1
011000010001 0
110100011010 1
100100001000 0
010100010001 0
110101111111 1
110100000101 0
010010100000 0
111001011110 1
011001010101 1
010101001110 1
011101100111 1
100100001101 0
000001101001 0
000001100011 0
000010110011 0
001001101111 1
101100011111 1
110001100100 0
100000111100 0
101100101011 1
011100010000 0
000100001100 0
000100100101 0
011001100001 0
000000101110 0
100001101000 0
001101010110 1
110101011001 1
000011110010 0
001111001111 1
001010010000 0
000001010010 0
011001010010 0
011010011111 1
001111100001 1
000001011110 0
000100001111 0
011101110001 1
000110010110 0
001100100001 0
100111100010 1
111101000011 1
110010011110 1
001101011000 0
100100100101 0
100100010101 0
110011010110 1
001000101111 1
000100010001 0
011001100111 1
110011101011 1
011110000010 0
010111011011 1
000011110101 1
100011110011 1
011101110101 1
111101010100 1
011000001001 0
011111111111 1
101011011101 1
111110100011 1
001001010001 0
000111001011 1
111111110000 1
011111110010 1
001011001100 0
111111000111 1
111010100110 1
100100111010 1
000010001000 0
001010101101 1
010101010011 1
000111100110 1
101100111111 1
101110001010 1
111100011001 1
100010101101 1
110000101110 1
110100010110 1
011111000111 1
001111000010 0
010100111000 0
111000000010 0
110100101000 0
101010010011 1
011001110101 1
111111100010 1
011000111001 1
110001100010 0
001001110110 1
101111010000 1
001011001111 1
110101000000 0
000110001011 0
000000001100 0
100011111010 1
010100101000 0
000011000110 0
110001100101 1
100000101111 1
001110000111 1
001110101100 1
001111000001 0
010100001100 0
011101001101 1
101110010011 1
011110000001 0
100100010100 0
000000111101 0
111010010101 1
001100010101 0
101110010110 1
100101111001 1
100010101101 1
001000111100 0
100001010111 1
100111010101 1
001011111100 1
011010100111 1
100100101101 1
010111100101 1
010010010101 0
100100110100 0
011101011000 1
111100000001 0
101010100110 1
101111011111 1
001000101001 0
000100001000 0
010101101101 1
011001110100 1
010100011110 1
110010111010 1
100100110011 1
100000111110 1
111011100010 1
000111110011 1
000010100001 0
001100100000 0
110100000011 0
011000111000 0
011010011011 1
101101111001 1
001110110010 1
000101010001 0
011011110000 1
010111010000 0
110101010001 1
101111110001 1
110110111010 1
111100110100 1
010011111100 1
001011111101 1
111011111000 1
000101001010 0
100001000111 0
000101111111 1
001110011010 1
110001011110 1
001111101001 1
111000111010 1
111101001010 1
110111100001 1
000000001101 0
101111101110 1
011110110111 1
111100001011 1
111001111010 1
011101010000 0
111000110010 1
111001000101 1
011111101011 1
001000101100 0
110111000001 1
000000011011 0
011000110101 1
101100000001 0
010000110010 0
111111010111 1
110010010101 1
001010100011 0
100001000111 0
110100110010 1
011110110010 1
101010101101 1
001110101011 1
100101001010 0
010011001111 1
101001111001 1
111010100110 1
011111000011 1
011111010011 1
010100111010 1
001101011001 1
110111000110 1
011110101011 1
010100001111 1
100000011100 0
001000101111 1
001011110011 1
101011101010 1
101001100011 1
010100101111 1
001101101111 1
101011011011 1
011001010010 0
101010100100 0
010101000011 0
010000001101 0
001000010000 0
100000011001 0
001011111001 1
000001100000 0
011111011110 1
110100110000 0
011100111001 1
000100100101 0
000000110000 0
011100110000 0
001001011110 1
101110011110 1
010011110000 0
000000101010 0
001111101000 1
011001011001 1
001100000001 0
010101011100 1
111111110110 1
110110110000 1
110010110001 1
000110111001 1
011010100100 0
100000010110 0
110010101011 1
100111001001 1
100111101101 1
100110111011 1
010010101001 0
001101001010 0
101111100010 1
000001110000 0
001001011010 0
000111010000 0
011101001010 1
101110101110 1
000001111100 0
101000010001 0
011011010011 1
110000000101 0
010000100000 0
110110001000 0
000000110010 0
010011010101 1
010001100100 0
101110101110 1
011010111001 1
001010000000 0
000011110110 1
101101111101 1
111001011011 1
110111011001 1
011000111110 1
110001100110 1
011101001110 1
011101010011 1
100100110110 1
000010101011 0
010111101001 1
101100100010 0
011101001010 1
110000000111 0
010000001101 0
010111100000 0
010011000100 0
101111111010 1
111000111110 1
111100101000 1
001011001100 0
010001101010 0
100111000000 0
000010001000 0
100111101111 1
100011101100 1
011100101110 1
101000010000 0
010110010010 0
000110101100 0
100011100000 0
101000011010 0
101111101110 1
001101001111 1
000000110010 0
100100101000 0
101101010100 1
100111001000 0
110100101101 1
111100111001 1
010101101001 1
010101000111 1
101001100101 1
110001110000 0
000110001011 0
100011010010 0
101100100011 1
101101111101 1
101010001111 1
101001011000 0
110111011101 1
011100111010 1
110110111011 1
110110010010 1
001111001110 1
111110000000 0
111100111000 1
100000111110 1
010101101101 1
010001010101 0
011110000111 1
101111110100 1
110110101011 1
110010101011 1
100000111100 0
101111101110 1
000011110110 1
111110000100 1
010100100100 0
111111101010 1
110001100110 1
110111101000 1
101001001110 1
101000111001 1
010100011100 0
111101000100 1
110100000111 1
100101110010 1
101101101111 1
111111011001 1
110010011011 1
010101100000 0
110100010100 0
101111111100 1
100111010110 1
011000010010 0
011111011001 1
001111010011 1
011101101001 1
000011110001 0
000000001110 0
011100110010 1
001010111011 1
111111011111 1
100000101110 0
000011100011 0
010010010111 1
101110101111 1
101111000111 1
000010001111 0
001001000100 0
001101110111 1
001110110111 1
000110100011 0
100001001111 1
011000000110 0
100011000110 0
000010110011 0
000101000110 0
110011101011 1
000100011101 0
101001010100 0
100110101110 1
000111110011 1
010101101101 1
101110010110 1
000000000001 0
101111001001 1
000110100100 0
011111110001 1
100011111100 1
110011010011 1
010110010011 1
110110010100 1
011110111101 1
111010100011 1
011011110100 1
110101100101 1
111111110010 1
011111111001 1
111001010100 1
100000000101 0
110001010010 0
110000110000 0
011111011110 1
101001010111 1
101011100011 1
000111110100 1
111101101100 1
110010001111 1
101110010011 1
001011011101 1
010010010100 0
011101101101 1
010100111010 1
111011110101 1
111001100110 1
111000010000 0
001000011010 0
100100110010 0
001100001100 0
100100010101 0
001001001001 0
110110011011 1
011110111101 1
001000100010 0
001000101011 0
111101001010 1
110100001110 1
110001000010 0
000001101100 0
100000010100 0
100000010110 0
010110011111 1
101000100101 0
010010110000 0
000101100000 0
000000011101 0
110101110001 1
101101110110 1
001001000100 0
001111100010 1
100000010111 0
101110110100 1
001110011101 1
010001000010 0
111110011011 1
100100010110 0
111001101110 1
110100000101 0
101000001010 0
101001100101 1
100111111100 1
110001101101 1
100101000001 0
100110000111 1
101100011100 1
001011110011 1
110101111111 1
000100100000 0
101110110001 1
100110101110 1
001111011110 1
010001100100 0
110000111011 1
110000111111 1
100110000110 0
010010111011 1
110100000101 0
110111100001 1
000000110001 0
001000001001 0
111111100101 1
001000001111 0
110011010011 1
000011100010 0
001100000010 0
000110011011 1
110110111011 1
010010000010 0
111011011111 1
101001100110 1
000000110100 0
011000111000 0
010100110100 0
011110100110 1
100001111111 1
000010010110 0
111110010011 1
110100000111 1
101000110001 0
110000101010 0
010111000110 1
000001011101 0
001110011111 1
110011100100 1
111001011011 1
101100101001 1
110111011000 1
100000110111 1
100101011100 1
010110000011 0
010111010111 1
010010111001 1
000010011010 0
100101001011 1
111111001001 1
010000101110 0
101100100101 1
010101000000 0
001101101001 1
010001111100 1
011001011101 1
001111101100 1
111000100110 1
001111001010 1
000100010001 0
011001110010 1
111011100111 1
100111111110 1
011110111100 1
110100110000 0
001001111101 1
101110001110 1
010001111001 1
111011001011 1
010110001101 1
001010000111 0
010110100000 0
001001100111 1
010011010110 1
000010010001 0
000100110111 1
001100000000 0
101001100010 0
001010001001 0
010011101100 1
010011100010 0
011001011001 1
111000011001 1
111001111011 1
110100110001 1
010001111100 1
100001101010 0
000011000010 0
100001011101 1
110000000000 0
010110101101 1
010000001001 0
100110100011 1
010110101101 1
000000110000 0
100101110011 1
111011010001 1
100111101111 1
001011011100 1
000110111000 0
110001101010 1
011111010111 1
100101101110 1
111100011000 1
100000100111 0
000100100111 0
110111101111 1
110101100001 1
011111101000 1
101100010011 1
000001101010 0
101110001111 1
011010000001 0
100101010110 1
111001001110 1
011011111010 1
010011111001 1
100110000000 0
011000111101 1
010111000100 0
001010001001 0
001011000001 0
110011001001 1
011001111010 1
101110000101 1
111111100011 1
011111011010 1
001110001000 0
100100011100 0
010101001101 1
010000100111 0
000100101111 1
000011110000 0
110011101001 1
111100010000 0
110111010001 1
110011011110 1
111010000000 0
111000110011 1
000001110001 0
111010011011 1
101000100001 0
111101100101 1
110111001111 1
100111000011 1
010000011100 0
001011000011 0
001010011110 1
111111000100 1
011101001110 1
000000001011 0
010110000100 0
000100010111 0
111101000001 1
110000100101 0
011100110011 1
001101110000 0
010111010000 0
100111101101 1
001101000001 0
101101001110 1
100010010100 0
000011101000 0
001011100011 1
110000111011 1
000101100100 0
110000010110 0
110100001100 0
011111010111 1
101001001111 1
101111011010 1
111001100111 1
000100100101 0
001001011000 0
010011000101 0
111010010000 0
111011011111 1
001111010100 1
001011101010 1
010011111010 1
000110001110 0
101100001100 0
100000010011 0
010011101101 1
101011000001 0
111110100001 1
101100001111 1
111011110110 1
000100111010 0
110101000110 1
101101101110 1
100011111010 1
100101001110 1
101001100011 1
110100101111 1
110011101011 1
000011010110 0
100110100101 1
100111101000 1
010110000110 0
011011001011 1
101110101011 1
000010010101 0
100101110010 1
111111110001 1
001100111000 0
010010011110 1
000011110111 1
110110010101 1
100001110011 1
000111110101 1
111101011101 1
101011001001 1
001110100010 0
011111011001 1
000110010011 0
101001000011 0
000010110101 0
011101101100 1
111110101101 1
000000010110 0
111011111110 1
010110010101 1
010000010100 0
011000110101 1
010001100100 0
000011011111 1
101101001100 1
011010010010 0
011000111101 1
111100010101 1
110010101110 1
111110000100 1
011100110001 1
000001010100 0
111010001010 1
001011001001 0
000101101011 1
000010100101 0
010111111110 1
011110101110 1
011010001000 0
000110000100 0
111101110000 1
011010100111 1
001010101100 0
101001110001 1
100000100110 0
010101111000 1
111101001001 1
011010100100 0
001011001010 0
101110101001 1
011000010011 0
110110100111 1
101110001000 0
100000101100 0
001000110101 0
111100000111 1
100101101111 1
010101010011 1
001011101010 1
110100110001 1
011110110010 1
111101110110 1
101000110001 0
000010101000 0
001111101100 1
110011101011 1
000000011010 0
100110110110 1
001100010110 0
000000100110 0
111011000101 1
110111110011 1
100111000110 1
001001001011 0
000111110001 1
001001011010 0
001011001110 1
101011110001 1
010101111100 1
101011111000 1
100000010111 0
000100101110 0
100101011010 1
111000110010 1
001001000011 0
101000011111 1
110111010100 1
000000101011 0
111101111101 1
010010110100 0
100101100010 0
100100000110 0
111011000001 1
101011001111 1
000011110001 0
001111100010 1
001110111001 1
100111010011 1
110001001011 1
101011000010 0
010011001101 1
011001110101 1
110010110000 0
011010001000 0
011011001000 0
110101101100 1
000111111010 1
101110010110 1
000011011011 1
001011001011 1
100001010010 0
101000110101 1
011011001001 1
100110101100 1
101101100000 0
000111011010 1
101011101010 1
010100011101 1
110011111100 1
010011001110 1
000010101111 1
101111001110 1
000001111100 0
101011101001 1
111110110101 1
110010011110 1
011010011110 1
